2.241115
1.5444835
1.385445
1.989743
0.9357803
2.169342
1.5373961
1.5247546
1.9349685
1.4099191
1.1289998
1.2760661
1.6942133
1.8970809
1.0135639
1.5531737
1.7541035
1.5374407
1.6246006
1.334862
1.5965915
1.3875252
1.1756015
1.0910774
2.0262463
1.586106
1.131271
1.4161171
1.5398488
1.1482278
1.4468306
1.9609817
1.3209571
1.6450522
1.5279245
1.287377
1.6023862
1.3733301
1.9956353
1.4547026
0.8380658
1.9899976
1.3842758
1.5472832
2.3328893
1.2261447
1.8905827
1.3931643
1.5654006
1.5621458
1.9098771
1.4214942
1.4675068
1.6425028
1.2449956
2.3540757
0.9569374
1.4749086
1.6212813
1.5632888
1.6985129
1.3352365
1.8362263
2.3844976
2.4110928
1.918772
1.3767219
1.7204
2.5183878
2.0135531
1.724735
1.3445902
1.248809
1.5183238
1.6363647
1.705592
0.95223194
1.3362725
0.7778626
1.1158769
2.0801823
1.0921721
1.9790571
1.6678597
0.6073416
1.4826227
1.6190861
1.0412946
1.4420182
0.895786
1.8130128
1.5375787
2.436479
0.9933693
0.5886694
2.0150902
1.6425253
1.647003
1.7915379
1.506427
1.6648328
1.5732609
1.0598847
2.129785
1.6440183
1.4229927
1.4220607
1.0980785
1.0780239
1.44
0.88904333
1.9741346
1.1815877
1.2207624
1.2092288
1.4484471
1.4163926
1.6147156
1.3684039
1.4717047
0.92387885
2.0185804
1.8579459
1.3969475
1.4181458
1.4766301
2.5063362
1.5805079
1.6853269
1.4896692
1.5964829
1.0746222
1.2728965
1.8108858
1.7031548
1.5977627
1.5651834
1.762741
1.9782503
1.5612773
1.546669
1.4520363
1.6231096
1.7975341
1.0158492
1.6766727
2.2666588
1.9174718
1.4672564
2.5016432
1.6371409
1.3169187
1.3860474
2.2525454
1.6395327
1.5069392
1.189521
1.0007173
1.5721902
1.4571011
2.402856
1.4119241
1.3005897
1.7603441
0.7577931
1.8480096
2.2253683
1.5383669
0.7935824
2.2111952
0.90967697
1.2875341
1.903969
1.3313274
1.5255427
1.6734966
1.6445727
1.6529995
1.5276377
1.2784718
1.0827613
1.6283807
1.0622723
1.4858239
1.1815008
1.5665158
1.0952152
1.5457944
0.86700726
1.9757131
1.592721
1.4094365
1.9719315
1.6351196
1.2622584
1.5186871
1.8384769
1.4167244
1.5924634
0.9553561
1.5319923
1.4612703
1.5012336
1.4227092
2.1420712
1.6548634
1.3310068
2.3045104
1.8752457
1.705592
1.7076826
2.0426302
1.5177672
1.3095626
1.3456213
1.872678
1.3039186
1.3165697
1.6028552
1.3783649
1.4525439
1.4055248
1.6277734
1.6782131
0.8029953
1.8975414
1.5480049
0.8770551
1.0045522
2.1420712
1.8148702
1.2835563
1.336553
1.2567253
2.5016432
0.90341485
1.5246328
1.7512912
2.277635
1.4474694
1.4948478
2.1474242
1.6100552
