2.308762
1.6464735
1.4291517
1.9564668
0.79285175
2.2388465
1.4236257
1.4744339
1.8405803
1.3893905
1.0660958
1.2099844
1.7645115
1.8143489
0.9531587
1.6248761
1.6671948
1.4914045
1.6686707
1.2771713
1.7305139
1.6566591
1.2953957
1.2028708
2.0461416
1.5970166
1.2226996
1.4171736
1.3574369
1.2264123
1.4353032
1.9461197
1.360262
1.7304763
1.3999007
1.3247086
1.5093962
1.5820162
1.9878118
1.356668
0.9064905
1.9605602
1.2122363
1.4693635
2.2413034
1.168744
1.932967
1.4066112
1.629707
1.4734323
2.0043085
1.4183283
1.4357191
1.6309882
1.1799593
2.2980766
1.0313026
1.505836
1.6235582
1.5470483
1.7300979
1.0235369
1.6461856
2.4535084
2.3643138
1.9313464
1.4240966
1.5833403
2.5445406
2.1345663
1.6551481
1.4219183
1.3686314
1.5961491
1.7109097
1.7470307
1.0809085
1.4243846
0.6935746
1.1331267
1.9329139
1.195698
2.0324545
1.7370065
0.52420974
1.3830339
1.6091772
0.8983058
1.5621654
0.8577083
1.733429
1.5059825
2.312953
1.1197686
0.6052894
1.9982748
1.6316601
1.7372652
1.8185959
1.3848919
1.6997972
1.4848361
1.1606925
2.0673723
1.6484722
1.4498712
1.3341293
1.1079277
1.048208
1.4799534
1.022861
2.052642
1.1650908
1.3761443
1.1474191
1.4426593
1.4226304
1.669948
1.3500661
1.5019082
0.96350056
2.0345209
1.8488337
1.5351212
1.5374795
1.3954705
2.4286444
1.3393731
1.6478673
1.4627987
1.446381
0.9820884
1.3403734
1.7163804
1.6671948
1.6252389
1.4603441
1.8034745
1.95568
1.6197848
1.6767392
1.7815202
1.5779309
1.7915424
1.0507474
1.7406766
2.125015
1.9127047
1.3529885
2.4535966
1.4793637
1.3503412
1.3832744
2.1392725
1.5961491
1.5914726
1.2381765
0.922616
1.5866867
1.453774
2.3874242
1.3830339
1.4156187
1.5262612
0.82255363
1.8465983
2.2146404
1.51585
0.66472524
2.1062915
1.0687875
1.1817756
2.0537775
1.4253731
1.578131
1.6933211
1.6463312
1.6675851
1.5969906
1.1582781
1.1825188
1.7289912
1.1621283
1.669948
1.2593725
1.3832369
1.1208404
1.4449785
0.8729502
1.9519619
1.6371906
1.386974
2.0325234
1.5759809
1.4416919
1.355108
1.8339734
1.5184871
1.6600429
1.1140518
1.47225
1.4883367
1.6331685
1.521383
2.1286666
1.571453
1.3898729
2.1713955
1.4362923
1.7914572
1.7542754
2.0325234
1.40764
1.3292279
1.4936237
1.8165582
1.3985869
1.5090327
1.50281
1.2855368
1.4498712
1.4837592
1.3797444
1.6361914
0.93604434
1.8044137
1.47523
0.8871202
0.9450186
2.1286666
1.8999865
1.3900846
1.406307
1.3161758
2.4535966
0.8203569
1.7447621
1.7334716
2.1096685
1.4398699
1.4775906
1.9978333
1.4538238
