2.2348955
1.5382509
1.379215
1.9835182
0.9295494
2.1631153
1.5311693
1.5185273
1.9287448
1.4036868
1.1227667
1.2698369
1.6879897
1.8908569
1.0073308
1.5469444
1.7478781
1.531214
1.6183757
1.3286299
1.5903623
1.3812792
1.1693704
1.0848463
2.020021
1.5798734
1.1250365
1.4098883
1.533622
1.141994
1.4406033
1.954758
1.314723
1.6388246
1.5216938
1.2811444
1.5961586
1.3671045
1.989413
1.4484755
0.8318314
1.9837761
1.3780459
1.5410559
2.3266656
1.2199119
1.8843571
1.3869345
1.5591756
1.5559211
1.9036529
1.4152671
1.461283
1.6362668
1.2387612
2.3478477
0.9507077
1.4686855
1.6150575
1.5570645
1.6922851
1.32901
1.8300023
2.3782763
2.4048767
1.9125481
1.3704945
1.7141716
2.5121617
2.0073347
1.718509
1.3383603
1.2425776
1.5120976
1.6301372
1.6993554
0.9459977
1.3300403
0.77162474
1.1096485
2.0739572
1.0859406
1.9728298
1.6616354
0.60110456
1.4763936
1.6128598
1.035064
1.4357904
0.88955325
1.8067892
1.5313531
2.4302232
0.9871387
0.58243376
2.0088623
1.6363016
1.6407753
1.7853088
1.5002018
1.6586106
1.5670314
1.0536566
2.1235652
1.6377723
1.4167501
1.4158317
1.091845
1.0717988
1.4337735
0.8828041
1.967914
1.1753534
1.214534
1.2029989
1.4422185
1.4101667
1.6084888
1.3621778
1.4654785
0.91764396
2.012356
1.8517247
1.3907219
1.4119173
1.4704031
2.5001109
1.5742781
1.6791034
1.4834378
1.5902388
1.0683918
1.2666633
1.8046637
1.696929
1.5915384
1.5589561
1.7565055
1.9720249
1.555048
1.5404433
1.4458103
1.6168829
1.7912726
1.0096164
1.6704482
2.2604403
1.9112507
1.4610274
2.4954271
1.6309096
1.3106753
1.3798195
2.246318
1.6333076
1.5006921
1.1832937
0.99448586
1.5659606
1.4508724
2.3966317
1.405693
1.2943583
1.7541174
0.75155824
1.8417716
2.2191455
1.5321379
0.78734654
2.204975
0.9034377
1.281301
1.8977466
1.3250872
1.5193144
1.6672518
1.6383467
1.646775
1.5214127
1.27224
1.0765303
1.6221554
1.0560396
1.4795957
1.1752671
1.5602853
1.0889872
1.5395685
0.8607747
1.9694941
1.5864881
1.4032096
1.965706
1.6288861
1.256027
1.5124584
1.8322489
1.4104929
1.5862386
0.9491203
1.5257659
1.4550443
1.4950013
1.4164822
2.1358533
1.6486397
1.3247792
2.29829
1.8690234
1.6993554
1.7014569
2.036406
1.5115424
1.3033297
1.3393874
1.8664557
1.2976903
1.3103452
1.5966305
1.3721362
1.4463034
1.3992954
1.6215488
1.6719857
0.79675746
1.8913112
1.5417753
0.8708169
0.99831843
2.1358533
1.8086462
1.2773253
1.3303218
1.2504966
2.4954271
0.897181
1.5184033
1.7450458
2.2714133
1.4412394
1.4886203
2.141199
1.6038222
