2.332208
1.6368006
1.502621
1.9013401
0.8478898
2.0157552
1.2360821
1.4757441
1.9403862
1.4689854
1.0896388
1.1529597
1.8211089
1.9576573
1.2941754
1.4580234
1.7697637
1.5191988
1.5752915
1.2512968
1.5228139
1.5405238
1.1672852
1.23674
1.7013856
1.5423208
1.1609082
1.4244831
1.6390995
1.120143
1.5798864
1.9087876
1.381457
1.5235606
1.7785509
1.3730595
1.6693947
1.466173
2.0021331
1.460014
1.0019042
2.045684
1.374736
1.4840724
2.1889277
1.1163466
2.0103896
1.4999366
1.7038641
1.4478571
2.015851
1.24843
1.5173012
1.3655168
1.3042551
2.3388584
1.0085475
1.5171347
1.5838662
1.403244
1.7259513
1.2408546
1.7548988
2.4921386
2.5166159
1.8420652
1.2892264
1.6827819
2.5738022
1.8689145
1.7170583
1.2826369
1.3338871
1.6423383
1.6197621
1.7589953
0.85291076
1.2285994
1.0180476
1.1945436
2.0408092
1.0083026
2.0048122
1.6176245
0.57289934
1.4118823
1.5750899
1.0003325
1.5752348
0.62711203
1.838997
1.5171454
2.4342637
1.0858439
0.6755221
2.0934026
1.6072555
1.8093456
2.0344274
1.3301879
1.5513371
1.5644461
1.1832161
2.0854466
1.6782091
1.6570128
1.3919934
1.1308237
0.99947476
1.3621922
0.8019506
1.9328915
1.2533637
1.2819327
1.2525476
1.4621166
1.3617597
1.7113949
1.3141541
1.4373763
0.89951855
1.8918643
1.8390787
1.5834571
1.3554801
1.3271234
2.5926433
1.6411153
1.6592015
1.4905872
1.6211069
0.9738956
1.2806984
1.7037446
1.7631239
1.6197776
1.4432323
1.6692944
1.8747392
1.8747392
1.5746502
1.7352908
1.5015664
1.7690881
1.2204305
1.6754018
2.2573385
1.6646503
1.5058582
2.6597724
1.5914322
1.5490897
1.5328372
2.0352404
1.5337666
1.4254878
1.2862201
1.2473814
1.6186771
1.417184
2.4792304
1.4118823
1.2872062
1.7823344
0.933046
1.7073979
1.9828448
1.5162835
0.88351125
2.067512
0.834556
1.1481098
1.9414505
1.3508635
1.5997953
1.7714572
1.5712692
1.6219301
1.5707242
1.2369205
1.2508426
1.7249024
1.0129114
1.7113949
1.2174379
1.6652691
0.95218605
1.5377064
0.9352891
2.0989528
1.709632
1.408283
2.0854015
1.5403063
1.3571473
1.4726442
1.8868918
1.5325598
1.6452862
0.9970584
1.7309537
1.5328372
1.6074772
1.3797194
2.150795
1.4499469
1.2347965
2.1252384
1.6672152
1.6301126
1.5113839
2.0854015
1.3414181
1.4575076
1.3379408
1.7455493
1.325643
1.3747278
1.6148889
1.309474
1.3675908
1.5313828
1.739406
1.6726898
0.84155333
1.7690452
1.5880274
0.846805
0.9000572
2.2149577
1.7355411
1.2067122
1.389678
1.2734532
2.514374
0.94583434
1.4907601
1.7439648
2.199884
1.4480785
1.5268224
2.1173449
1.5617746
