2.3137138
1.6517475
1.4345229
1.9615967
0.7982028
2.2439244
1.428869
1.4797957
1.8456597
1.3947865
1.0716031
1.2154211
1.7697144
1.8194472
0.9587162
1.6301585
1.6723052
1.4967514
1.6738633
1.2825726
1.735713
1.661993
1.3007412
1.2081933
2.0512655
1.6023968
1.2280717
1.4225637
1.3629135
1.23187
1.4405221
1.9512092
1.3656896
1.7356082
1.4054016
1.3301306
1.5146902
1.5871643
1.9928929
1.3620269
0.91193455
1.9657036
1.2175753
1.4747138
2.246412
1.1742475
1.938068
1.4120263
1.6349193
1.4786917
2.0094552
1.4235941
1.4408997
1.6363021
1.1855055
2.3032138
1.036568
1.51098
1.6287892
1.5521805
1.7352421
1.0288961
1.6514649
2.4585245
2.369198
1.9365423
1.4294068
1.5887156
2.549442
2.1395519
1.660417
1.427219
1.3740126
1.6013855
1.7161571
1.7522624
1.0863574
1.4296988
0.69911534
1.1384131
1.93802
1.2010926
2.037604
1.742234
0.5298205
1.38841
1.614416
0.9036619
1.5674226
0.86316365
1.7386572
1.5112369
2.3179567
1.1250988
0.61073595
2.0034337
1.6368521
1.7424101
1.8237478
1.3900535
1.7048526
1.4902567
1.1660057
2.0724022
1.6538947
1.4552623
1.3394274
1.1133368
1.0534043
1.4851463
1.0284333
2.0577376
1.1705837
1.3814157
1.1526864
1.4479358
1.4279013
1.6751968
1.3553213
1.5071417
0.9690637
2.0396535
1.8539625
1.5403379
1.5427884
1.400745
2.433686
1.3447589
1.6531166
1.4681544
1.451721
0.9874628
1.3456779
1.721438
1.6723052
1.6303895
1.4656719
1.8086741
1.9607321
1.6250498
1.6819472
1.7865033
1.583212
1.7967892
1.0561537
1.745885
2.1300561
1.9177878
1.3583434
2.458474
1.4847754
1.3558203
1.3885756
2.1444356
1.6013855
1.5967563
1.2434571
0.928047
1.5919956
1.4590753
2.3923657
1.38841
1.421057
1.531478
0.8279727
1.8518388
2.2195747
1.5211406
0.6702855
2.1112444
1.0743129
1.1871938
2.0588295
1.430823
1.5834237
1.6986161
1.6515673
1.67277
1.602121
1.1636534
1.1878895
1.7342384
1.1674854
1.6751968
1.2648125
1.3884629
1.1260353
1.4502169
0.87838525
1.9570216
1.6424011
1.3922561
2.0376818
1.5813563
1.4470124
1.3603101
1.8390929
1.5237213
1.6651988
1.1196295
1.4774579
1.4936073
1.6383805
1.5266178
2.1336815
1.5766797
1.3951858
2.1764972
1.4415148
1.7966692
1.7593663
2.0376818
1.4129307
1.33465
1.4989069
1.8216546
1.4039307
1.5141422
1.5080891
1.2909223
1.4552623
1.4891211
1.3850851
1.6414945
0.94145983
1.8095969
1.4804692
0.8926528
0.95061296
2.1336815
1.9051337
1.3954057
1.4116782
1.3214476
2.458474
0.8259085
1.749857
1.7388123
2.1147554
1.4452764
1.4828724
2.0028825
1.4592574
