1.041319 0.09645473
2.2070975 0.10215198
1.6156648 0.14426984
1.2582467 0.03201708
1.3717633 0.07410934
1.4581326 0.15759793
1.0856471 0.09487456
1.1078191 0.047811165
1.7997656 0.07873394
1.8022594 0.07102768
1.2919811 0.1514871
1.5293217 0.20352887
1.6986225 0.07819169
1.6174707 0.16673866
1.5226529 0.12582147
1.0840615 0.061742134
1.8329079 0.04257026
1.1595346 0.17634703
0.9635809 0.060026493
1.1425273 0.056017105
1.0170767 0.059198
1.1322287 0.052479234
1.2648767 0.06829938
1.1927984 0.15326294
0.82111895 0.16267927
1.3406712 0.17654642
1.5211345 0.077074654
0.8454728 0.057825305
1.0760157 0.07253384
1.2767496 0.19298515
1.3214685 0.1636747
0.8905656 0.11539883
1.3176507 0.13672687
1.5482448 0.09037438
1.943791 0.12100257
1.0560733 0.1465605
1.15822 0.06310654
1.0478321 0.040480264
0.90208924 0.024749251
1.0344503 0.048935775
1.2227058 0.16917197
1.3448597 0.11427265
1.6655372 0.10281867
1.3701174 0.08788527
2.0212312 0.0861498
0.9387617 0.029690728
1.2358223 0.050550316
1.3209563 0.04473599
1.5118912 0.06761318
1.1120164 0.07088107
1.1367438 0.108127035
0.8487606 0.10875657
0.7811223 0.08385486
0.93943197 0.11669756
0.96531904 0.06532292
1.7000822 0.08734374
1.6313206 0.08684914
1.0995058 0.059659433
1.0321836 0.08442309
1.1119764 0.08357426
1.5786372 0.08492296
1.3691685 0.09295995
1.2631421 0.16114499
1.1995852 0.055520426
1.1357423 0.10839903
1.7841511 0.15925711
2.2896562 0.1266635
1.4844658 0.091441534
1.462153 0.1150943
1.0957134 0.10280619
1.6387637 0.059916142
1.0342506 0.0599605
1.4051548 0.029814513
1.2941892 0.14545165
1.2885813 0.05731166
1.6388485 0.14715846
1.9032217 0.05934044
1.2807715 0.09660383
0.9773917 0.15341304
1.1199318 0.050172072
1.4055446 0.13047142
1.9379421 0.124754205
1.1083581 0.11133135
1.2315729 0.139131
0.84751207 0.053551752
0.8404126 0.028279306
1.310879 0.12940131
0.8781835 0.09384476
0.9909955 0.0652091
0.7557138 0.05751581
1.2767742 0.067149274
0.8727396 0.073782496
0.9192359 0.11407012
0.90821046 0.051700562
1.0796392 0.08923211
1.1496513 0.13291283
1.2926056 0.10661976
1.0619848 0.07156744
1.1399611 0.13494919
0.8600923 0.06992704
0.9616434 0.046065073
1.0655415 0.051498007
1.1203091 0.08322635
1.0506135 0.038827233
1.1443602 0.074271366
0.88583076 0.108771
0.9495201 0.022534134
0.92150193 0.048910435
1.1978801 0.053539094
1.0128931 0.032362495
0.8650923 0.047109876
0.82908833 0.09468561
0.83713925 0.041013014
0.8963644 0.055054035
1.1544132 0.08216802
1.1419485 0.10012049
0.8558717 0.059741903
0.92631066 0.03593156
0.83147746 0.06710865
0.94333375 0.038795833
1.1208723 0.16403183
1.6193864 0.1243778
1.0841482 0.088895634
1.2652913 0.05634324
1.0006566 0.054453675
1.308377 0.18183072
1.0808027 0.09782562
1.3966421 0.04219687
1.0788532 0.04788678
1.3263836 0.033791013
1.0162586 0.11513198
0.87944776 0.044174854
1.2921729 0.045333993
1.134495 0.08779187
1.4439132 0.10091259
1.3649756 0.03826953
0.9101825 0.10100899
0.9504843 0.12316067
1.194893 0.057155605
1.4006245 0.040087435
1.0984676 0.0851419
1.026308 0.056574114
0.88626766 0.05579263
0.9084176 0.07365732
1.3707211 0.1324277
1.1866162 0.10529977
1.4589666 0.06188898
1.204955 0.062429946
2.044191 0.12358312
1.0268207 0.06483812
1.0020195 0.062825754
1.3748801 0.10350269
1.4443133 0.110881515
1.1489669 0.15074006
1.3545306 0.17041577
1.8542343 0.11901695
0.6451406 0.12237015
1.5871264 0.05156937
1.0754158 0.09611915
1.6006597 0.054480948
1.6037366 0.030037874
1.3644688 0.038420137
1.1601608 0.053344008
1.4560009 0.086593695
1.3078237 0.043548305
1.3397824 0.05413268
0.96839654 0.04186238
1.1660963 0.12037768
0.9015528 0.034279924
1.4204053 0.13170634
1.4185395 0.04226746
1.1935159 0.07649545
1.5051844 0.26071486
1.6039375 0.05630981
1.3739516 0.08798555
1.7027876 0.0634525
1.670344 0.09201361
1.3939676 0.07114142
1.0312707 0.06552909
1.2120692 0.09796604
1.3786628 0.01669049
1.5351894 0.08403558
1.4918104 0.0885348
1.7839613 0.040080626
1.1111825 0.119385
1.0217779 0.06485455
1.2145121 0.11019942
1.8985186 0.07711344
0.7303174 0.08427961
0.93518 0.022731042
1.4994859 0.118185766
1.0988641 0.10254019
1.0351827 0.066109754
1.4192902 0.053741492
1.378657 0.19424509
1.6554102 0.062704585
1.3657126 0.049053524
1.123564 0.03624059
1.4173 0.052033897
1.2667919 0.049636815
1.7894268 0.10295256
2.0210443 0.04895615
0.79905903 0.09166665
1.2451895 0.094149336
0.7677113 0.030817991
1.3911288 0.07817066
1.5095289 0.11891049
2.1255157 0.054343287
2.0909193 0.02931232
1.5833576 0.1057712
1.063684 0.117467925
0.9223722 0.13256587
1.183769 0.055311237
0.9455925 0.09575534
0.91749203 0.039105482
1.5648153 0.1241561
1.3849759 0.042815834
0.97280085 0.06728369
1.3273083 0.12903497
1.49174 0.10081797
1.2519808 0.10092569
0.99133146 0.045191534
1.7040774 0.12275494
1.5819191 0.09747681
1.5035486 0.059454158
1.7599217 0.03498814
1.0410435 0.08624625
0.9221284 0.15843858
1.5246942 0.2418553
1.6546599 0.17552522
1.6633046 0.12567626
1.8540043 0.111300744
1.6358505 0.019367501
1.4102248 0.10697786
1.9837621 0.04337244
1.9452149 0.04418357
0.9199319 0.081504524
1.9168135 0.060948867
1.1506993 0.062247403
1.7278826 0.10686572
1.7101705 0.110110104
1.9965595 0.13354905
0.9160655 0.053872813
1.7101705 0.110110104
1.2177068 0.108647585
1.2837327 0.0763707
2.010407 0.070424676
0.9009569 0.058480974
1.6967983 0.06744843
1.7442547 0.08078819
2.1832035 0.11362325
1.959742 0.07192711
1.5130388 0.03816448
1.5077829 0.10103728
1.9180691 0.06025507
0.81094265 0.06672808
1.0782108 0.099595755
0.8791851 0.05870079
1.5757476 0.11994914
0.9399277 0.04699212
1.3396301 0.08197091
0.8725847 0.051763143
2.034103 0.092376195
1.4863851 0.05999548
1.848945 0.03261534
1.5670588 0.09006093
1.8508346 0.15396492
1.9957898 0.053604443
0.69234484 0.11156266
1.7912419 0.1435033
1.7018296 0.0486468
0.89200747 0.06938524
1.6858637 0.03414213
1.6852229 0.09786185
1.1938612 0.037246175
0.97338885 0.080935
1.1626956 0.07324077
0.9780451 0.095774904
1.2982903 0.06732902
1.1797855 0.053810235
1.9169433 0.06600644
1.3056767 0.02748283
1.2912943 0.06826514
1.1624396 0.08098408
1.2985803 0.054684043
1.6372421 0.070996486
1.4317336 0.07885114
1.8004735 0.06489687
1.6736416 0.12735955
1.1330658 0.10459055
1.4940599 0.051496066
1.5978792 0.01633787
1.9179173 0.091696255
1.621447 0.03164097
1.4761244 0.037510276
1.4114596 0.12746875
1.1844137 0.12944588
1.5043627 0.054831646
0.9980097 0.060320888
1.4202602 0.032332636
0.97305524 0.2164849
2.201224 0.10761633
1.4888021 0.048446916
1.0674206 0.048208296
1.8552401 0.02573842
1.6787287 0.07335878
1.0674908 0.10590798
1.5208178 0.05410657
1.786059 0.09297673
1.7310798 0.114735894
1.8751055 0.08093185
1.4219631 0.06354628
1.0619628 0.15112129
1.5202998 0.07113836
1.2855041 0.062979735
2.1450937 0.11397226
1.7758884 0.06822068
1.1456519 0.11337637
1.9302177 0.042564906
1.1073706 0.05449208
1.2886919 0.13007727
1.1750759 0.057781514
1.2132677 0.08233069
0.87791336 0.10363161
1.5566733 0.082598485
1.3857986 0.06002302
1.0229692 0.058661435
0.9496927 0.09809881
1.0779747 0.073932454
1.3161895 0.093712255
1.1304915 0.082309484
0.92558545 0.12330809
0.69837725 0.034420796
1.1293964 0.1061002
1.6230147 0.14208834
1.4075434 0.045188047
1.0145425 0.06541163
0.9603137 0.06842844
1.1074 0.061534416
1.1472545 0.05728927
1.0860653 0.043661866
1.299123 0.0384513
1.4823625 0.08982448
1.052194 0.05527861
1.1451843 0.036448337
1.3903842 0.08522182
1.0996764 0.06281254
0.98747015 0.0453604
0.9491929 0.08567601
1.4865404 0.056669515
1.3190851 0.10444541
1.2519733 0.07592078
1.313904 0.15072598
1.4325354 0.0655946
1.5160983 0.0658236
1.1001145 0.05868919
1.5945435 0.050149206
1.1852561 0.07129248
1.0768583 0.043862425
1.2030683 0.02105467
1.2535899 0.16734323
0.8647931 0.09440353
1.1377057 0.06282871
0.9596871 0.049969483
1.1567837 0.060906675
0.807848 0.030825615
1.3202423 0.053130846
0.9713251 0.057712454
0.90869933 0.05796253
1.0522364 0.05670115
1.0593795 0.06664102
0.867983 0.098484255
1.0067923 0.068412706
0.9759062 0.07640302
1.6195341 0.07966825
0.8732626 0.09852536
1.035208 0.046593644
0.9613778 0.08205669
1.2685077 0.039447714
1.0842376 0.07235601
0.8065689 0.06689123
1.078041 0.032751016
1.390165 0.13353045
1.0805583 0.033065155
1.2928692 0.15287037
0.9933348 0.032977104
1.0445744 0.07178563
0.96040934 0.08289995
0.64990795 0.06346084
1.2188956 0.07920556
0.88693476 0.0557045
0.91064274 0.059108857
1.0567694 0.06380513
0.9828951 0.049019825
0.9608709 0.0840692
0.68280846 0.106268756
0.99807453 0.033513945
1.1560013 0.06414452
1.0412581 0.03550828
0.7004741 0.042260602
1.3628019 0.036371347
1.4142175 0.150303
0.8573985 0.112825334
1.1276771 0.10760235
0.9887916 0.07442267
1.5081031 0.06862131
0.9514407 0.070128635
1.1714706 0.046425473
0.809656 0.029767092
1.4454238 0.12326661
0.97026366 0.06635899
0.7964387 0.03274944
1.3289634 0.19815508
1.0502286 0.059279185
1.2441946 0.070109576
1.0287962 0.07322268
0.8630104 0.09329515
0.9099635 0.057084654
1.0118891 0.04299038
1.4296514 0.13653912
1.3704555 0.059044413
1.4745892 0.07236773
1.0504237 0.11569617
1.1253481 0.10384474
1.2390422 0.09283595
1.5303247 0.030009346
1.5912485 0.1633361
1.3877095 0.07370838
1.0349743 0.03355826
1.0014217 0.04672643
1.0475106 0.10695079
1.694939 0.028740028
1.095586 0.13189395
1.5397013 0.072181515
1.5608901 0.1969304
1.9523863 0.1473149
1.2466192 0.16479982
1.0338135 0.062469047
1.3294237 0.10353319
1.6703331 0.05056762
1.7586025 0.07323624
1.5336804 0.14774506
1.7294676 0.17564754
2.080223 0.13500498
1.2929356 0.06473415
1.5255507 0.055887982
1.1928008 0.08129277
1.5391742 0.109217845
1.0151671 0.08289816
1.4372255 0.053638037
0.9698063 0.11954848
1.221205 0.04634901
1.2309778 0.076411754
1.5556966 0.07508778
1.8012213 0.09659393
1.0004528 0.032209378
1.6703987 0.09065123
1.5604905 0.055561125
1.8580449 0.12506396
1.495769 0.26259652
1.6700249 0.08872172
1.1941916 0.08349393
1.1061634 0.07696603
1.4652451 0.059910703
1.8725157 0.12861499
1.6424818 0.050080698
1.7972488 0.049982432
1.712898 0.08345326
1.4512775 0.21107246
1.14104 0.057596423
1.354879 0.08388856
1.5534389 0.07563209
1.7566872 0.0412169
1.4186646 0.038203746
1.9834675 0.15276141
1.4120755 0.29395005
1.159935 0.10433771
1.0711668 0.062968224
1.3209804 0.0696499
1.8066629 0.025964031
1.1184102 0.078806765
1.2104166 0.045180243
1.3994181 0.06052031
1.2672812 0.0523062
1.1169112 0.1335643
1.558233 0.028826317
1.3234768 0.07243639
1.5023828 0.078680344
1.0179079 0.10718007
1.2360126 0.029215418
1.2808981 0.0697552
1.3584263 0.055002287
1.5302109 0.11373938
1.2133801 0.06485023
1.5906588 0.047641713
1.4646664 0.21029586
1.6361881 0.04987935
1.4864523 0.054504503
1.1941013 0.0746305
1.0142204 0.09385442
1.4082519 0.11505491
1.5417277 0.044205066
1.7640731 0.14026074
1.4082859 0.12222523
1.2940996 0.026249517
1.5866388 0.102340795
1.4674442 0.07457276
1.5826163 0.038140878
1.4662372 0.049672883
1.5190228 0.08550387
1.5180471 0.10655047
1.8737186 0.09525902
1.5733535 0.083326496
1.6275343 0.12836462
1.422385 0.03101916
1.5117265 0.062312488
1.5421029 0.083234005
1.3719468 0.07367669
1.3227359 0.049507022
1.8863332 0.09717308
1.3487291 0.08260929
1.2863348 0.048684545
1.3356131 0.0315422
1.2956114 0.06293289
1.9021938 0.053404894
1.0710344 0.050174445
1.3061827 0.08781548
1.4807707 0.051042262
1.5674684 0.045450024
1.4321454 0.12304019
1.5647385 0.1369814
1.2740297 0.061734077
1.8872712 0.052407086
1.3087089 0.105661936
1.545572 0.0669102
1.273098 0.052929103
1.8124256 0.10043347
1.0316839 0.0580769
1.4918474 0.07325265
1.3431741 0.113399826
1.4320582 0.05916586
1.6249378 0.15200005
1.2647235 0.061710577
1.9354168 0.09957585
1.4494139 0.11314885
1.7597704 0.044862233
1.3719947 0.10848848
1.7313862 0.06475118
1.4325376 0.10236335
1.4422399 0.06978544
1.2518086 0.074506685
1.6613703 0.15784809
1.4738163 0.085670836
1.4943821 0.06958452
1.469723 0.041311275
1.2647235 0.061710577
1.6538824 0.09509068
1.355047 0.0519208
1.4088323 0.13294809
1.1204923 0.08899934
1.4352659 0.08193626
2.0766592 0.05939478
1.0458792 0.053811684
1.0351843 0.02736662
1.5901924 0.1107341
1.6834112 0.33339477
2.1029823 0.1052395
1.4742225 0.08521752
1.8385899 0.065317124
2.1035721 0.06881653
1.4951103 0.12666275
1.6948917 0.070421666
1.4307002 0.0716558
1.4602607 0.049482018
0.86410266 0.031145966
1.4234242 0.08688225
1.5481901 0.09896087
1.8711851 0.086171545
1.4799383 0.04359033
1.7436783 0.04638129
1.6054437 0.07997981
1.5105275 0.10411063
1.8414673 0.07416604
1.6954315 0.18929681
1.1057081 0.06348962
1.202162 0.063436516
1.1927265 0.053737726
1.3064842 0.03247815
1.1720831 0.039699268
1.0698302 0.08857035
1.1507881 0.06189518
1.4541899 0.08937908
1.1069406 0.042304706
0.9531803 0.08004198
1.141782 0.09395007
1.7786509 0.07264363
1.3205044 0.16219325
1.0820489 0.093030155
1.0275573 0.07240888
1.0378273 0.03706079
1.1057047 0.043959796
1.329707 0.070586205
1.1195838 0.10230369
1.3409907 0.10940787
1.0998272 0.1449401
1.4933507 0.24500224
1.085489 0.08722234
0.9486707 0.09532974
1.006605 0.046146125
1.4248035 0.06119009
0.86642474 0.15725693
1.093522 0.060269397
1.0975654 0.08397928
1.0810198 0.08561609
1.1918142 0.07670692
1.0898867 0.05157033
1.2687442 0.074026935
1.4882724 0.12281412
1.187113 0.090037435
1.2150275 0.06405895
1.3036147 0.085136324
1.1686094 0.121646434
1.4987924 0.102154516
1.4102693 0.11124558
0.9223151 0.027431276
1.1020124 0.085791685
1.6893835 0.17624888
1.9966853 0.0786962
1.1376953 0.09924928
1.3049884 0.09630329
1.246393 0.03734641
1.7837079 0.025459358
1.1896162 0.057266727
1.2638515 0.10111199
1.3013204 0.030835008
1.5322168 0.17769241
1.37071 0.11567021
1.28146 0.06796759
1.0206988 0.046548277
1.2231824 0.05386477
1.3930604 0.124947876
1.8097903 0.06432145
1.1023179 0.040732805
1.1500288 0.048695963
1.1667924 0.12786515
1.5235174 0.16628885
1.1558065 0.090165064
1.21718 0.049219437
1.1636337 0.08504678
1.5311216 0.050429393
1.1108162 0.043538265
0.9652084 0.08355435
1.0925134 0.11154745
1.3342812 0.032168526
1.1884152 0.0607489
0.99223673 0.12937258
1.1501191 0.05804553
1.2325484 0.033707518
1.1267768 0.12226241
1.0505658 0.055677168
1.1597817 0.08325035
1.362847 0.06603643
1.1698544 0.07552888
1.4676621 0.0401021
1.0670717 0.046371594
1.1170213 0.10888178
1.1524234 0.05595107
1.1442679 0.038250215
1.2314922 0.06902145
1.1108245 0.150882
1.112792 0.05469241
1.0171546 0.04808459
0.98603076 0.07668781
1.2133043 0.047878984
1.0859782 0.052501157
1.0669582 0.05359017
1.0199716 0.10807791
1.0996184 0.0516493
1.092283 0.08405198
1.0748903 0.05816476
1.3715029 0.04257834
1.0813202 0.097809054
1.1771835 0.08720751
1.2149692 0.07444293
1.4218718 0.039229065
1.1215763 0.056912694
0.95027953 0.10412472
1.1495781 0.09663976
1.4803903 0.053377643
0.96642506 0.07715074
1.215318 0.07679437
1.4088666 0.07381785
1.1604803 0.06618813
0.9272531 0.07606819
1.2714483 0.082302526
1.4159601 0.054020237
1.2398676 0.10099264
1.2428257 0.06404729
1.1452751 0.08228045
1.4331492 0.041019022
1.4954494 0.06053692
1.8341262 0.05912574
1.5317866 0.06321443
1.9320055 0.08091406
0.91054916 0.09327659
1.2133284 0.071209244
1.4371324 0.10046002
1.5331562 0.04059554
1.5882622 0.10458734
1.5277821 0.09823234
1.2586552 0.08676784
1.5507891 0.043652736
1.471436 0.07456389
1.6665758 0.054570485
2.1285295 0.06695635
1.7734007 0.070909
1.4382879 0.13280718
1.4500928 0.03370689
0.7000132 0.09972411
1.0417863 0.08375343
1.4451003 0.06956039
1.9954588 0.13799006
0.97971404 0.07365317
1.4272819 0.07723828
1.9400957 0.2297939
1.6333883 0.033837393
1.1948484 0.10262864
1.5443103 0.09507429
1.5218861 0.104328796
1.7266136 0.08593818
1.6127936 0.090099156
1.006238 0.06042739
1.1645875 0.08648083
1.6349684 0.10809199
1.7207649 0.057886764
1.4437762 0.060557477
1.5691535 0.052142303
0.9676825 0.08039163
1.2157062 0.078105524
1.7745981 0.05789597
1.4123149 0.07566274
1.8255653 0.11828854
1.3437645 0.10397231
1.7158581 0.09350842
1.6864872 0.14752959
1.6594603 0.076699734
1.7245028 0.060399927
1.569581 0.18495935
2.5084684 0.048181936
1.5654913 0.083229356
1.4569843 0.069889285
1.55709 0.057643015
1.4063104 0.065476865
1.6229343 0.05502186
1.7811105 0.08088305
1.7449481 0.12296688
1.7063888 0.050479516
1.4227909 0.07375317
1.4475027 0.08109361
1.4763284 0.046101186
1.4236071 0.041878108
1.6410244 0.10098628
1.3226489 0.121538
1.2925572 0.07129438
1.5480449 0.06559558
1.4971989 0.05793331
1.2948891 0.11206009
1.5204724 0.069022216
1.4856888 0.0919443
1.2998602 0.073485374
1.345372 0.10264743
1.2677424 0.1608756
1.3137909 0.045272276
1.2551358 0.097728066
1.4027872 0.15566516
1.6870047 0.10297156
1.6977367 0.08843012
1.3328743 0.09181742
1.3638655 0.030197097
1.5214707 0.067166515
1.3935981 0.08344085
1.1690669 0.061109878
1.9075161 0.108424455
1.8011615 0.15634856
0.9885093 0.081592254
0.84790504 0.16826141
1.5944407 0.072460026
1.8563392 0.056983016
1.6179774 0.06050001
1.5605175 0.06471931
1.7753365 0.10839702
1.8052425 0.12838984
1.5047957 0.08692856
2.0327232 0.1480894
1.589071 0.062812105
1.4444487 0.14285326
1.5245688 0.049730882
1.5733465 0.09846137
1.5657251 0.080529064
1.3552825 0.13336053
1.5037574 0.07015429
1.7771311 0.11003128
1.6325433 0.09397199
1.8387415 0.06704091
1.7802474 0.05121703
1.6283529 0.08557261
1.5647862 0.0905963
1.6087303 0.09718032
1.3440086 0.08226069
1.547784 0.076887205
1.3870564 0.14193524
1.704416 0.115517266
1.5127847 0.062223755
1.5463293 0.09066805
1.539889 0.084242895
1.3978757 0.11353943
1.4968613 0.06935377
1.337533 0.13522667
1.5348358 0.07848842
1.6710132 0.18192047
1.2427144 0.029352885
1.6485678 0.074123435
1.8260838 0.13920148
1.5094677 0.1126222
1.6929785 0.07519337
1.3627597 0.08786509
1.552168 0.09093323
1.4829004 0.075342186
1.496161 0.12501873
1.2190893 0.0536904
1.6607784 0.09447289
1.6811669 0.055775844
1.4991975 0.10745366
1.5792282 0.15323871
1.5952657 0.21098696
1.9311075 0.12734558
1.408674 0.084653854
1.5364981 0.06769152
1.5751903 0.10355623
1.7998419 0.08084242
1.2868754 0.053306635
1.3542588 0.07646913
0.98890007 0.068702795
1.2621572 0.27121902
1.6294498 0.113698184
1.6367353 0.08368165
0.9765048 0.08074148
1.2342024 0.09420342
1.113587 0.051571414
1.4351127 0.06935018
1.5669768 0.11598115
1.6241566 0.054154847
1.4798318 0.06310965
1.6563184 0.039327346
1.6939914 0.07065477
1.8220103 0.058663376
1.6653736 0.061302457
1.0539418 0.06024768
1.2489945 0.092079386
1.3573205 0.0642832
0.9571475 0.05970998
1.1463332 0.0826879
1.7476352 0.081441775
1.5644448 0.107408
1.3531053 0.107125886
1.448485 0.031948805
1.5626607 0.028550375
1.5427507 0.05448495
2.056775 0.15820977
1.2935349 0.095373146
1.2524238 0.06753359
1.2325815 0.04584934
1.6507368 0.06987252
1.4732034 0.08817539
2.057137 0.24209186
1.0195571 0.08328442
1.2261989 0.042704802
1.3748571 0.048397224
1.805419 0.07443046
1.54638 0.071796894
1.6054056 0.11347367
1.6160845 0.09506543
1.9598703 0.09649853
2.0590682 0.08155617
1.9767545 0.07308743
1.5329033 0.054716166
1.446432 0.104003124
1.4206569 0.16338484
1.3272593 0.07371727
1.3022331 0.077463485
1.7989337 0.046685837
1.8306825 0.098020725
1.7491325 0.12730438
1.6204255 0.07468077
1.3584716 0.066376455
1.4616449 0.09931533
1.5313784 0.09692279
1.1077467 0.051114097
1.8833843 0.111233614
1.6782682 0.109543085
1.8549042 0.12131869
1.6629604 0.048834346
1.6780083 0.13605538
1.685886 0.09116547
1.5545783 0.08092056
1.984217 0.12546091
1.4451568 0.100173004
1.1058657 0.12950194
2.0924935 0.1382922
1.8335829 0.118300706
1.3808637 0.06750928
1.4316437 0.04083585
1.393182 0.08817113
1.6628582 0.04428744
1.2969432 0.16620703
1.7189366 0.052010465
1.2111377 0.16695018
1.1403123 0.2125761
1.8505284 0.071763106
1.5236491 0.10625583
1.6347616 0.08087793
1.3311988 0.08744548
1.8814503 0.04238754
1.3704096 0.043843206
1.4702717 0.19196552
1.5723503 0.12476226
1.6339537 0.050745707
1.2365549 0.01632914
1.6300719 0.014352465
1.5440571 0.10407961
1.7486585 0.05864094
1.3787625 0.062128942
1.618473 0.11252745
1.2270867 0.026818255
1.3469083 0.037228446
1.3176246 0.084599696
1.5210961 0.066420496
2.0040271 0.15651312
1.6746556 0.06129468
1.2967104 0.06885404
1.9838822 0.14916185
1.5525407 0.027236631
1.5719237 0.12907349
1.2849061 0.09886372
1.5164278 0.017129177
1.2780368 0.09792576
1.5584469 0.085671276
1.6282867 0.11079203
1.5426805 0.049257636
1.4911635 0.092648365
1.6492428 0.044096384
1.3469858 0.058919366
1.5741302 0.15669666
1.5325327 0.10933703
1.7437928 0.02931769
1.2978418 0.095586926
1.3983828 0.11364146
1.6353505 0.03764191
1.3889166 0.04584737
1.4161085 0.07282331
1.5022591 0.10578326
1.4171731 0.039769646
1.4926078 0.109106086
1.7796326 0.17894652
1.4560093 0.08106504
1.8576119 0.13336943
1.2035526 0.084760435
1.3277133 0.019672431
1.4235486 0.08551413
1.4412855 0.038444635
1.4445585 0.086449325
1.8925724 0.088001244
1.3888248 0.0954864
1.2657292 0.03616412
1.7974627 0.048913702
1.464789 0.095054075
1.0899634 0.044590157
1.4441738 0.102932505
1.3368728 0.061479393
1.6209348 0.06055956
1.4740895 0.043610517
1.5917513 0.046815682
1.5227573 0.036205452
1.6180658 0.11724318
1.4580692 0.104350775
1.4228876 0.077647194
1.3300327 0.11646467
1.3929133 0.047379423
1.408588 0.056434013
1.54499 0.051918708
1.2128192 0.038411617
1.6861513 0.044438872
1.2138222 0.091449805
1.3304375 0.06350987
1.6657314 0.18993874
1.476165 0.062364817
1.4964707 0.08117742
1.6842381 0.05616006
1.3346668 0.12547977
1.5802331 0.11293971
1.5502106 0.06213183
1.4571308 0.069495216
1.5278095 0.02606906
1.6059685 0.03981443
2.0589154 0.040381324
1.4251814 0.10964647
1.7053049 0.0868459
1.2034075 0.07471107
1.4604452 0.10981085
0.90494776 0.03830441
0.89555776 0.05964467
1.4788073 0.06699117
1.3448952 0.043459054
1.4074595 0.080688834
1.9230782 0.114029855
1.468269 0.01993627
1.5831621 0.024218036
1.0150627 0.058839478
1.0432221 0.079356626
1.2373779 0.04420504
1.4900587 0.07882804
1.3496888 0.10955987
1.3413804 0.13259748
1.1901183 0.05203049
1.5824957 0.10902749
1.6233194 0.10804268
2.546263 0.071620725
1.1899941 0.08945532
1.3816245 0.07752503
1.3259944 0.12131502
1.6049398 0.060878236
1.4744849 0.05181295
1.2509964 0.13895161
1.6390759 0.07783947
1.8970867 0.08281535
1.6268362 0.055012386
1.8138411 0.06159178
1.4807203 0.025729327
1.3711506 0.035351243
1.0781524 0.08105131
1.7674843 0.069706336
1.0681704 0.09187558
1.2044433 0.07210317
1.0639662 0.08944221
0.9336875 0.029827297
0.96840847 0.03587349
0.8731142 0.025096437
1.4717972 0.06450708
1.6458206 0.05149329
1.4412802 0.07822196
1.2402179 0.06142418
1.4072286 0.0382488
1.5984757 0.0799294
1.4694915 0.08929594
1.2281483 0.10765748
1.2114836 0.08595735
1.1460345 0.053795017
1.1361996 0.09734853
2.3019652 0.08278898
1.4504364 0.09048615
1.4664705 0.09258164
1.3408499 0.053964533
1.4644114 0.07969979
1.0556495 0.081814915
1.3743726 0.06661701
1.5941895 0.11592987
1.3833077 0.09031608
1.6086718 0.08318402
1.9989643 0.09475522
1.311342 0.14516938
1.039577 0.16193753
1.0296261 0.078076065
1.4886506 0.058147587
1.4571364 0.103913255
1.0774486 0.03905346
1.0051358 0.14479588
1.3380635 0.06855395
0.94087154 0.118410066
1.5487362 0.07509224
1.1574621 0.1524601
1.3256242 0.25180575
1.0462223 0.07000606
1.3912668 0.065908164
1.5807452 0.06265988
1.3362262 0.052963838
1.3641571 0.12533109
1.36895 0.07433015
1.4183826 0.112783894
0.9968131 0.06515547
1.213386 0.048168905
1.0555211 0.06500744
1.5223788 0.078217424
1.0503024 0.056602675
0.6076031 0.0712368
1.2950785 0.09803527
1.286698 0.048892338
1.0878339 0.057953414
1.0288303 0.035755277
1.0713844 0.05496482
1.4930979 0.086814664
1.1708311 0.036066584
1.1000183 0.038281452
0.86299974 0.071380146
1.1628957 0.07331817
1.4536084 0.16436982
1.2528578 0.085195296
0.9873985 0.08165656
1.9013813 0.04846275
1.1939363 0.04653875
1.1208231 0.06605459
1.3253229 0.17552634
1.410958 0.10409752
1.0008996 0.07448187
1.9218645 0.061190113
1.2621229 0.10559514
1.6049707 0.08107063
0.98192394 0.06568114
0.98921096 0.060718544
1.3551468 0.07666226
1.2058164 0.11338087
1.488662 0.095454596
2.110929 0.08451045
1.446184 0.08334335
0.95053256 0.110243306
1.4009085 0.21539122
1.8583946 0.058641117
1.1078336 0.078067064
1.0856702 0.040326204
1.3416152 0.09257328
1.483351 0.07668567
1.6479117 0.054645326
2.1140158 0.10759432
1.6594582 0.063812986
1.6939914 0.07065477
1.5019039 0.08386443
1.7324903 0.106069595
1.3978722 0.12216507
1.2779903 0.10554836
1.3134375 0.035487983
1.2833562 0.064638026
0.979191 0.027388014
1.232748 0.05804014
1.1452864 0.06412506
1.3184534 0.11889945
1.836676 0.1778393
1.1668522 0.052217133
1.3057024 0.07543851
1.0711635 0.06642943
1.9329609 0.059225433
1.5267617 0.17285542
1.5809522 0.066091366
1.4744291 0.06589137
1.39831 0.076836936
1.2928976 0.1136988
2.0072536 0.08445751
1.6105888 0.060248815
2.0532498 0.0802783
1.3681964 0.055977803
1.3434086 0.07005719
1.3352486 0.08320898
1.1913497 0.06733368
1.5789497 0.01665084
1.4266983 0.043959152
1.4490111 0.057465903
2.3958087 0.061076455
1.809519 0.09692453
1.8631614 0.029850978
1.0069535 0.09186171
1.1649485 0.09010447
1.2210774 0.13377117
1.9082012 0.087052256
1.950972 0.12257317
1.8432041 0.047263086
1.5931294 0.056982517
2.2219505 0.068442434
1.6369025 0.073612176
1.5182011 0.06144432
1.2918081 0.079493225
1.4746392 0.15590931
1.7726402 0.14402714
2.4069016 0.16150264
1.9420513 0.11480156
1.2595904 0.053630058
1.4663707 0.05406272
1.343666 0.15692009
1.2832149 0.08303886
1.2828038 0.0657673
1.232574 0.07416857
1.5796257 0.048916064
1.8380703 0.06361662
1.5632368 0.043011177
1.8707173 0.07282491
1.5423367 0.12943545
1.5440236 0.048190728
1.903457 0.04054613
1.3721812 0.14325416
1.4471022 0.050872635
1.3807473 0.17142466
1.4254676 0.108498916
1.4759095 0.13490973
2.0956018 0.077293046
1.5887583 0.05097659
1.8522491 0.061985157
1.7462082 0.045901842
1.6615734 0.12797496
1.3124006 0.09381128
1.2209307 0.05640474
1.5279083 0.08722629
1.5722317 0.038389143
1.1840271 0.081916966
2.1896012 0.08953798
1.5518029 0.2155951
1.7403152 0.030385613
0.97567666 0.119329885
1.0240475 0.19253297
1.6078589 0.10089431
1.8825662 0.06032187
1.5812222 0.05623509
1.8005558 0.1621192
1.6615587 0.12337927
1.6188225 0.019591302
1.5939455 0.13619637
1.3449953 0.08363985
1.6629223 0.1065837
1.6731939 0.035945468
1.7036629 0.09237484
1.7885284 0.060509246
1.5973551 0.11344039
2.082399 0.11453062
1.7635113 0.11786435
1.881843 0.16169903
1.0883497 0.09903894
1.9666975 0.0823514
1.3791482 0.13639824
1.8150727 0.067676164
1.7288316 0.051274303
1.5894368 0.087760806
1.323149 0.06326661
1.5365121 0.092913166
1.4600123 0.04290592
1.5981921 0.06247839
1.6298479 0.08379854
1.5327498 0.12581865
1.4624535 0.039549623
1.539627 0.041043703
1.5688328 0.07050088
1.5463238 0.061453972
1.6013067 0.055764068
1.3442242 0.04849634
1.627944 0.09503607
1.6931795 0.043459453
2.2884011 0.1301834
1.2421145 0.10338174
1.5207708 0.12608515
1.7531726 0.08762141
1.7462403 0.12557003
1.3600885 0.15476254
1.6716725 0.057895925
1.0390314 0.07037125
1.4492972 0.08450265
1.3368728 0.061479393
1.3793743 0.039017893
1.3815262 0.0777069
1.6414602 0.08483143
1.2956069 0.02496378
1.701112 0.041832205
1.5591236 0.04741156
1.627732 0.10851632
1.5998449 0.042496756
1.1000835 0.03942863
1.2432644 0.09305838
1.4268937 0.037961096
1.502066 0.080273405
1.4771748 0.0997326
1.1111833 0.08632212
1.310128 0.097922675
1.071268 0.044458352
1.1077564 0.05594934
1.6614039 0.06340273
1.6969961 0.080203176
1.3297106 0.027845807
1.7382061 0.043736987
1.3411536 0.1273497
1.3725371 0.11653475
1.5214703 0.06703336
1.3564057 0.061700273
1.5052004 0.056178447
1.5565057 0.055772822
2.0248528 0.13243204
1.6929258 0.045276966
2.0907457 0.14165004
1.1952236 0.046743575
1.2059889 0.083876565
1.3428888 0.031200293
1.552141 0.0745584
1.4893477 0.07845839
2.109539 0.17396754
1.6871128 0.053690754
1.1139805 0.051430963
1.5366102 0.032642066
2.0060067 0.11073605
1.3233039 0.14393328
1.7876955 0.08821941
1.8261316 0.061815273
1.7064873 0.047514856
1.5337447 0.0591025
1.7100327 0.1236892
1.4925821 0.05815879
1.0996187 0.062190037
1.8205379 0.06858576
1.600004 0.072125226
1.856089 0.062001184
2.343055 0.11366831
1.5156144 0.04704803
1.3835105 0.08202574
1.5639786 0.042170834
1.7555716 0.044276867
1.5441898 0.04751338
1.434688 0.021011626
1.0543978 0.079100296
1.4915594 0.048900973
1.2708491 0.07318976
1.8410835 0.045112662
1.522704 0.091634855
1.3469658 0.07236608
1.1218114 0.04283766
1.4905894 0.07525937
1.5468266 0.0565302
1.7877827 0.080111295
1.80384 0.12166597
1.6687748 0.10146189
2.4610548 0.21956092
1.6097724 0.0703303
2.1833463 0.10116006
1.7637796 0.085836165
2.1484141 0.103123784
1.6226797 0.041518643
1.6282771 0.06396871
1.6868538 0.11108919
1.6078345 0.07096174
1.6177105 0.08007487
1.7808602 0.09661502
1.6857278 0.12994269
1.5599992 0.031926118
1.2266363 0.11330973
1.6488988 0.030825015
1.9747086 0.049393844
1.6415306 0.07244093
1.9701731 0.07891183
1.6452957 0.15602775
1.6679871 0.112125576
1.5862511 0.1962474
1.3004123 0.14399657
1.3929157 0.06814204
0.8951476 0.03746575
1.4837954 0.12167198
1.7472903 0.049811326
1.3365347 0.11990753
1.6412739 0.07215639
1.3724716 0.12941621
1.8708731 0.070398666
1.389754 0.2902797
1.516512 0.15550518
1.7938187 0.12187886
1.5857077 0.07508845
0.94510174 0.13660161
1.3634341 0.07458762
1.1653794 0.13126893
1.5363 0.123417445
1.5991474 0.30911258
1.3721873 0.21094921
0.9303349 0.19300671
1.8581581 0.09083554
1.6421816 0.1443014
1.8165853 0.05767889
1.2510525 0.11540579
1.4855874 0.10667028
1.8071487 0.13476199
1.2450411 0.15212473
1.563528 0.16272946
1.733931 0.1951103
1.6344436 0.1359457
1.8699278 0.08181845
1.5341399 0.086269855
2.1462622 0.10398667
1.7122355 0.055360146
1.5153844 0.09633686
1.3755968 0.13569424
1.8066984 0.09040461
1.4703455 0.14342944
1.3820746 0.20515464
1.1882025 0.0539628
1.4845392 0.03797177
1.5442507 0.06259614
1.5452745 0.058977216
2.049979 0.06541501
1.7202408 0.23143452
1.588027 0.10645782
1.4953622 0.07062267
1.5672138 0.053270347
1.4344378 0.090624884
1.6607037 0.07670271
1.7920055 0.09965722
2.1067104 0.10508177
1.5929325 0.11889051
1.9462397 0.06833186
1.5686966 0.10895107
1.5323957 0.08338157
1.5775325 0.080950074
1.5920483 0.0688921
1.6491696 0.028253622
1.5317682 0.054741018
0.925323 0.06763532
1.0854594 0.06452009
1.2355301 0.066150546
1.2330669 0.06586038
1.711758 0.03210345
1.53364 0.110947594
1.3994833 0.07760042
1.4411583 0.06430885
1.4404346 0.0542196
1.9068581 0.12416317
1.415491 0.17272595
1.613212 0.12843768
1.6746216 0.09705662
1.5257752 0.07527134
1.5623307 0.11260623
2.3785975 0.09165519
1.6811941 0.029000357
2.2575827 0.11649336
1.9951897 0.1005525
1.4054483 0.04511438
1.4905587 0.049500242
1.6499097 0.074694134
1.3674712 0.053883687
1.6708622 0.039887603
2.103774 0.2965735
1.7167572 0.037596613
1.1952127 0.09424689
1.2502441 0.081512436
1.554875 0.079365626
1.561986 0.06324659
2.1528153 0.11349474
1.6387199 0.053273946
1.5680761 0.0506913
1.3199453 0.12759288
2.160812 0.06782299
1.7426971 0.14578918
1.6200991 0.07387662
1.6865435 0.0429589
2.4225373 0.059585232
1.2625563 0.11154265
1.358296 0.22968571
1.5689752 0.131641
1.3822107 0.10504296
2.3422163 0.10750344
1.2556481 0.14338867
1.8018118 0.07746712
1.8000358 0.101504125
1.8719704 0.28870925
1.6621145 0.15441899
2.3744168 0.12209642
1.4377861 0.058991347
2.4860663 0.1428303
1.2651175 0.04728067
1.6182764 0.13118203
1.3348347 0.06738634
2.021296 0.07622736
1.3485073 0.24146432
2.0824893 0.034477904
2.2476976 0.061633512
2.171063 0.10573231
1.6399107 0.06405663
1.9266253 0.06645343
2.0132928 0.064499855
1.5909646 0.06998876
2.2792783 0.09200236
1.630976 0.03605275
1.867245 0.11261796
2.1766737 0.1185034
1.9142739 0.070829764
1.6540124 0.10706832
1.5470651 0.120971456
2.2247458 0.080845624
1.516403 0.10902327
1.580113 0.09756081
1.5316422 0.07598444
1.8576094 0.06635867
1.4422654 0.158565
1.6782539 0.06318442
1.4247768 0.14938326
2.083696 0.084920034
1.6970956 0.19571398
2.0778675 0.042147145
1.5890605 0.10371072
1.9036877 0.08952583
1.2898744 0.22724462
1.7301099 0.109353356
1.6100241 0.16442274
2.0886493 0.14579232
1.9194065 0.16444509
1.9119196 0.100223094
1.4042361 0.10987919
1.9706322 0.12870742
1.5576642 0.12881707
1.4440658 0.14706194
2.0695367 0.21920584
2.0093455 0.22853266
1.1024559 0.37893015
2.0038676 0.22327842
1.2988641 0.32555148
1.8785471 0.14121561
1.5350916 0.085664526
1.8020103 0.0958268
1.6180407 0.38399026
1.4226487 0.1937588
1.6778011 0.08882755
1.9702612 0.122915156
1.1707425 0.17208077
1.7495306 0.087444484
1.414398 0.17746553
1.468083 0.16981533
1.7871125 0.06301844
1.455322 0.085330494
1.4031544 0.18707532
2.074742 0.104433134
1.4887726 0.15639119
1.6386423 0.052235696
1.5911454 0.06798627
1.8862734 0.07357163
1.464752 0.11417114
1.9843569 0.03298074
1.5926837 0.052670855
1.6052681 0.040854573
1.2013046 0.11946903
1.588095 0.033864785
1.3414605 0.07924699
2.012703 0.10146851
1.7639225 0.04559265
1.7621269 0.09221198
1.5161766 0.04453609
1.5708244 0.12898868
1.3285078 0.04676334
1.5200837 0.05142847
1.129269 0.08911351
1.5808394 0.11887912
1.0692186 0.13071492
1.8531017 0.13800438
0.9375869 0.13860254
1.4932516 0.19072545
1.567783 0.07666855
1.4528469 0.038276825
1.5011991 0.03117247
1.9593138 0.1095438
1.624738 0.11015359
1.4770114 0.10744047
1.5338442 0.069066726
1.4884022 0.05189052
1.3824911 0.05743592
2.1182494 0.12270766
1.4627352 0.11079112
1.2902278 0.046551596
1.3013473 0.05731617
1.491894 0.03372009
1.3361877 0.050268613
1.2228576 0.09196629
1.8313406 0.12216617
1.393503 0.063872725
1.6188476 0.08068101
1.7668339 0.05573182
1.6707976 0.07349186
1.193828 0.091314904
1.4914199 0.07774334
1.5705316 0.13560787
1.4952477 0.13488917
1.6825159 0.078034125
1.0251997 0.041357875
1.200264 0.11479282
1.7697623 0.0835909
1.6074013 0.080363594
1.8139356 0.05804955
1.7231877 0.14059111
1.3002558 0.069304034
1.0517895 0.08974543
1.5634193 0.063799344
1.6989285 0.06439202
1.5197163 0.044249777
1.1412721 0.074200995
1.1721618 0.09101248
1.3412073 0.07522559
1.2610409 0.052300498
1.648749 0.06956306
1.4312364 0.10677389
1.4104536 0.051483214
1.0931991 0.06724976
1.5502756 0.062357593
1.7151346 0.091279574
1.193368 0.05605529
1.5230448 0.053922758
1.331352 0.0834973
1.3992982 0.051056456
1.6556494 0.10238581
1.6481819 0.06477668
1.6604198 0.06361435
1.9975901 0.08236858
1.5250919 0.07057467
1.971034 0.14136054
1.4089153 0.025115537
1.612394 0.06813512
1.5810522 0.079224885
1.6878933 0.10372001
1.8957039 0.11945932
1.5529933 0.046686176
1.3498143 0.033118594
1.1602081 0.15784964
1.8668001 0.055968568
1.7698406 0.11137243
1.4637247 0.22752827
1.7211584 0.046560235
1.3381511 0.046042297
1.3406898 0.12564734
1.3715283 0.1281847
1.6926533 0.040395048
1.4799439 0.122988194
1.6498721 0.070925325
1.0296609 0.04511429
1.4975802 0.04953085
1.5140015 0.16364968
1.7975832 0.066252746
1.4990956 0.041163824
1.2539308 0.05724291
1.1007073 0.17240623
0.9645705 0.20215824
1.422498 0.12224439
1.5114906 0.15954609
1.9203745 0.032423478
0.8972232 0.12777072
1.4536788 0.0544703
0.9994577 0.11903401
1.7938961 0.058441132
1.4072834 0.11306974
1.4211143 0.033179052
1.5130472 0.037669085
1.4630218 0.05270254
1.6193731 0.056077924
1.8403804 0.08108092
1.3715283 0.1281847
1.7648613 0.042179022
1.606052 0.028507628
2.0738044 0.05869639
1.5688125 0.09151577
1.4744552 0.018547365
2.03662 0.09543905
1.5300552 0.173865
1.8266742 0.06812652
1.5691066 0.06797207
1.5660241 0.03215905
1.2673028 0.04396634
1.6465809 0.10026665
1.9876173 0.042497057
1.5045203 0.11055309
1.6271582 0.058113053
1.5079372 0.059662
2.3407779 0.09085081
1.7866867 0.10501272
2.0765543 0.051023114
1.691004 0.06802566
1.3875322 0.07817495
1.3794183 0.064267956
1.5205095 0.060644727
1.5230476 0.05305275
1.2428949 0.024437072
1.1163836 0.069913104
1.1996557 0.06671619
1.3832871 0.06931
1.5496215 0.10045894
1.9189354 0.10552727
1.345988 0.11062003
1.5362152 0.04674716
1.5476179 0.09408944
1.879631 0.07617349
1.8277086 0.15936805
1.6081021 0.12745522
1.4496045 0.04995895
1.4033281 0.029575853
1.490247 0.120787114
2.3552396 0.08004986
1.9374577 0.16348505
1.7246583 0.050933406
1.4735178 0.07712413
1.5960953 0.06791929
1.5139871 0.08116771
1.7705135 0.08545647
1.8027337 0.07570636
1.5030863 0.07953049
2.3021054 0.16040035
1.7412583 0.030090816
1.5691718 0.07106831
1.0360276 0.09567345
1.2502441 0.081512436
1.4046586 0.06752224
1.6003139 0.07251208
1.4212176 0.09157147
1.3307292 0.10500123
1.611852 0.059500273
1.6604713 0.041348398
1.3900183 0.037243117
1.4514493 0.061317153
1.4359412 0.055383094
1.5038532 0.09981729
1.3867838 0.07009844
1.6052923 0.06488747
1.4684352 0.09464652
1.3046738 0.13190521
1.3492268 0.038443528
1.2387085 0.06533537
1.3421137 0.035793196
1.3460612 0.08991027
1.6235613 0.023004668
1.567482 0.04637807
1.4589411 0.101816796
1.2844309 0.11829622
1.7817705 0.09592794
1.6833315 0.050174717
1.7600063 0.058845267
1.7286962 0.038340718
1.565487 0.047323283
1.5536546 0.07363136
1.5704089 0.06092877
1.522096 0.09543117
1.5396384 0.099590994
1.5851169 0.038147856
1.5919101 0.072704785
1.6815138 0.082575336
1.5820782 0.02684158
1.1673375 0.09740904
1.9825233 0.13028385
1.5810705 0.059399992
1.5851997 0.05096537
1.5565653 0.072715044
1.2800184 0.06334452
1.6028547 0.21434665
1.3528492 0.05482601
1.2488115 0.054940365
1.6360366 0.08716201
1.6397316 0.059094086
1.5253545 0.05868814
1.1791441 0.107275285
1.3420993 0.049467728
1.4188455 0.083530165
1.3244747 0.05194448
1.5601588 0.040256355
1.5320483 0.05566087
1.3579819 0.079639025
1.2784773 0.04853627
1.2517778 0.06830104
1.4158739 0.0785932
1.6514982 0.07153519
1.3814532 0.059320733
1.5633382 0.081256256
1.3919928 0.10808909
1.2813288 0.042432602
1.6054472 0.08093631
1.3940208 0.05938461
1.3597256 0.08221206
1.3332636 0.05811316
1.3878281 0.09843084
1.3938234 0.110571116
1.0880615 0.14508739
1.5887367 0.07125645
1.4536128 0.045670576
1.3218043 0.05941166
1.4611351 0.05792097
1.3420993 0.049467728
1.4615494 0.08315956
1.3124704 0.0811462
1.3990796 0.08550557
1.4246395 0.052722655
1.3290604 0.06514752
1.5670217 0.05704061
1.2976953 0.04613936
1.5565642 0.04476445
1.377763 0.13367026
1.7518066 0.050184593
1.3967793 0.05361621
1.3130248 0.10680198
1.4066004 0.078900404
1.9050152 0.18537302
1.6653488 0.14352721
2.2552817 0.09470549
1.6924505 0.10008822
1.4231464 0.107382156
1.6068054 0.10899082
1.4563382 0.07886399
1.458684 0.093409136
1.4167001 0.06609365
1.4035285 0.0416213
1.4161503 0.031350154
1.0572709 0.10006793
1.1994528 0.10986984
1.3322616 0.060845733
1.5551465 0.046497036
1.5036516 0.08350432
1.581291 0.071436614
1.3914268 0.10976408
1.7044456 0.069325425
1.7536747 0.089377046
1.4464525 0.10805271
1.552922 0.08690026
1.3424631 0.035795927
1.3197197 0.061185136
1.514765 0.085269265
1.5965194 0.05856831
1.7143923 0.037986558
1.8834269 0.051140405
1.2636318 0.02136415
1.403637 0.07177827
1.1705078 0.072823904
1.5060608 0.075901516
1.7964643 0.103000954
1.5783894 0.10823743
1.6582372 0.118795216
1.7442684 0.103949465
1.5100285 0.18562292
2.0952973 0.08861691
1.0507381 0.08058247
1.0316604 0.07459223
1.5286646 0.13393569
1.8689234 0.09499507
1.5753506 0.089964025
1.5030613 0.08014644
1.3611672 0.10261048
1.5595645 0.10903017
1.3217158 0.115383044
1.4526309 0.07807656
1.2551873 0.0789493
1.4482248 0.13234699
1.2394378 0.116573185
1.580381 0.06659376
1.3048841 0.09584837
1.490084 0.10598288
1.5035028 0.08121149
1.5300705 0.071564585
1.3837854 0.05379235
1.5874594 0.085785225
1.3386317 0.10473843
1.6380014 0.08755549
1.7231839 0.048192393
1.6109133 0.063194536
1.10374 0.09427505
1.1955794 0.054460976
1.6442846 0.09095103
1.5008781 0.13315184
1.411422 0.108343504
1.5050162 0.066445485
1.4121687 0.058538478
1.1825764 0.0827407
1.313899 0.11047534
1.4431363 0.05276236
1.065384 0.1129938
1.4326246 0.09054712
1.6813765 0.08673893
1.9227432 0.08987209
1.3429348 0.07506504
1.5417486 0.10919215
1.4610765 0.10793203
1.6154982 0.07028776
1.269856 0.059950616
1.3792799 0.059697267
1.4869356 0.09804079
1.4207727 0.076625966
1.3534606 0.10279664
1.5167875 0.08665674
1.3213198 0.064080454
1.4638263 0.098077126
1.2774248 0.08801861
1.3886002 0.028417947
1.2680401 0.06282762
1.2988117 0.05422243
1.3533291 0.065188125
1.4367207 0.08535362
1.5409771 0.04108321
1.3749084 0.02743669
1.7095258 0.09433433
1.5918796 0.073376544
1.1349561 0.062016364
1.5226915 0.07945689
1.1388167 0.0806893
1.4468762 0.0858692
1.1437786 0.08948854
1.5125251 0.06825584
1.5067542 0.10445123
1.1270096 0.05780316
1.5905111 0.07626212
0.90509593 0.062101968
0.94219077 0.07679466
1.4251703 0.040628012
1.5629778 0.042704713
1.811919 0.06870974
1.4999441 0.047086526
1.5333018 0.05975961
1.3028443 0.05904211
1.003291 0.06366008
1.6187744 0.060859174
1.5209253 0.07992145
1.3746744 0.08627304
1.6399527 0.07145287
1.4204504 0.038784172
1.4443896 0.07049665
1.4071817 0.12439511
1.4651133 0.12216097
1.5529654 0.10868109
1.6099432 0.08669599
1.6557801 0.06153215
1.1225965 0.037625097
1.1737345 0.06893357
1.4052849 0.0712926
1.5696115 0.073259525
1.6310295 0.08444534
1.658781 0.08262901
1.9293346 0.09334314
1.4517825 0.039787106
1.4378573 0.112119
1.4600394 0.037699323
1.5111802 0.206987
1.3629892 0.04983394
2.1258938 0.06409498
1.6596094 0.06579144
2.048904 0.074561425
1.8654451 0.042000778
1.2196193 0.039883524
1.7046114 0.13958292
1.476034 0.045013353
1.4751331 0.07293507
1.746534 0.04544493
1.7217338 0.050094593
1.8332475 0.072424926
1.5585258 0.10576435
1.4957296 0.046233654
1.4562124 0.13367304
1.7464333 0.04830455
1.9112008 0.13902526
1.7361681 0.0460916
1.5056181 0.07688838
1.7278054 0.08847044
1.6701725 0.073071636
1.527323 0.056320805
1.8128284 0.054278098
1.9384844 0.111623935
2.155152 0.04968677
1.9424603 0.04601866
1.6060978 0.118427664
1.4359255 0.080833904
1.0840728 0.22733332
1.5103499 0.059877608
2.0111055 0.09627416
1.5211539 0.07817274
1.6115148 0.07659228
1.6252867 0.023586536
1.6299694 0.043659117
1.6237856 0.104772985
1.6485188 0.07671717
1.6407392 0.086885996
2.0125043 0.04737121
1.8216671 0.05744859
1.7061265 0.08925975
1.7172859 0.06376925
1.6181939 0.11576469
1.6798182 0.14901163
1.6369057 0.050985813
1.634387 0.018337874
1.641485 0.06395397
1.6982887 0.02569424
1.4340084 0.17959553
1.4461658 0.07904366
1.951709 0.08871349
1.8835542 0.0496546
1.4155992 0.068458974
1.8578022 0.0806637
1.3101121 0.039892867
1.3595511 0.038723733
1.4943211 0.035046745
1.5646977 0.07018779
1.5339906 0.06901959
1.4757354 0.036705628
1.5899227 0.08885843
1.3684736 0.115214154
1.5539793 0.10155299
1.4694517 0.18282072
1.394772 0.02196877
2.3735049 0.117049955
1.6548713 0.07926433
1.4790393 0.037612665
1.4470909 0.12102878
1.5636795 0.04270393
1.5832539 0.0692993
1.236239 0.0529588
1.378775 0.07018537
1.464575 0.054634005
1.3616155 0.10481973
1.5380676 0.040497664
1.4853202 0.08684267
1.4511857 0.025675833
1.1197491 0.052607246
1.712442 0.045936033
0.9870529 0.04395672
1.2858936 0.04099545
1.5659479 0.16791306
1.5019236 0.05509594
1.5457058 0.050021056
1.6492178 0.052057486
1.3935598 0.14398463
1.4006069 0.14299124
1.5502106 0.06213183
1.7120848 0.03678481
1.5540631 0.04352232
1.2569917 0.060097676
2.32723 0.12776203
1.5296693 0.058878582
1.5368502 0.09375297
1.3755698 0.055827763
1.2413418 0.088775665
1.4447305 0.040712666
1.3644577 0.101914346
1.480753 0.123000644
1.5254872 0.07254756
1.2759662 0.07836308
1.6622432 0.1520163
1.55656 0.01864625
1.6418966 0.03872873
1.4988735 0.09345329
1.1057713 0.06674972
1.3933514 0.1008969
1.611907 0.10394682
2.025997 0.08675726
1.6783717 0.07945823
1.8006624 0.081547335
1.8164103 0.08621991
1.8312807 0.09082435
1.4119525 0.08568098
1.7764614 0.08458905
1.604875 0.045050506
1.8968893 0.15248299
1.5016237 0.10900931
1.7126614 0.11084851
2.1275306 0.08832142
1.6586838 0.036529727
1.3139896 0.09397661
2.0434337 0.111213595
1.6594973 0.073422454
1.7406737 0.091153
1.5276817 0.07143788
1.8106169 0.06346604
1.5313509 0.07363741
1.6992247 0.056120336
1.5373836 0.07790357
1.7892023 0.040284865
1.6772459 0.14978212
2.0097876 0.06290703
1.809774 0.04606808
1.8501253 0.067619674
2.0048463 0.050415486
1.8440015 0.0396223
1.6361082 0.07770925
1.7093153 0.12752888
1.8793017 0.06580158
1.4965807 0.099455506
1.8372681 0.07767314
1.632474 0.053013343
2.121003 0.12093879
2.048902 0.08350178
1.6941204 0.07057347
1.6638803 0.055800065
1.6491892 0.064390115
2.0937428 0.13197918
1.4911584 0.072534636
1.7001537 0.07175929
1.5238042 0.08026321
1.9527862 0.13805023
2.2292876 0.16317281
1.6858213 0.06510169
2.0846837 0.11101251
1.7002827 0.07188943
1.7332729 0.05047696
1.7001537 0.07175929
1.7420471 0.049534664
1.5146166 0.19584356
1.3871582 0.08092701
2.1296234 0.07664953
1.5810926 0.0572785
1.5155137 0.06862726
1.9381568 0.06757102
1.5785158 0.07216235
1.7291406 0.064826585
1.4591668 0.053421933
1.4655174 0.08456598
1.2833838 0.11576367
1.4265088 0.030592814
1.5994738 0.07751668
1.5748397 0.078954965
1.8508854 0.06791996
1.5845283 0.12387283
1.4384513 0.06449882
1.9319471 0.08333975
1.4779012 0.034135412
1.668586 0.07146096
1.6054361 0.073805064
1.7778883 0.06289348
1.3736336 0.07862125
1.4506693 0.047333576
1.4098289 0.049899388
1.5537386 0.026405005
1.3998053 0.051739734
1.7179207 0.05399217
1.0066015 0.06875657
1.6871887 0.052269768
1.1570294 0.070040494
1.494021 0.073097624
1.2583492 0.041206118
1.8464603 0.0942306
1.4674013 0.054496776
1.6274481 0.07358403
1.4057077 0.11159063
1.4080142 0.114607796
1.5529592 0.06820336
1.461943 0.053219322
1.6055238 0.07690761
1.452666 0.08564715
2.140547 0.056751024
1.7099686 0.055171885
1.5596954 0.0973081
1.3892771 0.054321207
1.2806071 0.07153088
1.5211822 0.06110727
1.3134688 0.05905877
1.5569571 0.12960148
1.5949689 0.09433522
1.5911686 0.06154141
1.7592003 0.14942059
1.5712193 0.009161524
1.3110511 0.08194808
1.0303199 0.103165194
1.4948986 0.09423948
1.4018114 0.053432938
1.4168203 0.10572167
1.6665313 0.16130058
0.9911844 0.08548299
1.5106905 0.07539442
1.4135044 0.07498723
1.0904446 0.07728036
1.1925391 0.10579996
1.0183363 0.038497556
1.4539031 0.116082154
1.8162733 0.02957307
1.366711 0.059516646
1.3083 0.07272065
1.3976438 0.03254947
1.6398319 0.018597763
1.3370261 0.10836826
0.85371715 0.06901319
1.5880798 0.11565197
1.9786421 0.09583379
1.626221 0.09376789
2.1085567 0.13078333
1.0730883 0.07386657
1.5378542 0.049373224
1.8013954 0.07285253
1.4076585 0.07230518
1.7782129 0.15899177
1.6976124 0.13630065
1.1705716 0.07682973
1.0056522 0.05453758
1.5726304 0.088855065
1.863117 0.07915034
1.4626505 0.049534924
1.4465654 0.042178817
1.5132111 0.06624491
1.3744724 0.100117266
1.5633315 0.047717173
1.3985349 0.08056732
1.6173242 0.12254302
1.4133693 0.077392586
1.4626505 0.049534924
1.6084816 0.08086094
1.2570461 0.063465565
1.4688083 0.050965775
1.03014 0.110012054
1.411534 0.07076676
1.556654 0.11754643
1.6652876 0.07484296
1.106012 0.07872616
1.7239317 0.056343533
1.451093 0.061766095
1.8148944 0.040939715
1.2115014 0.09770332
1.6742935 0.033648375
1.3572649 0.05826523
1.7553413 0.09274587
1.4959328 0.02251295
1.4258153 0.09343761
1.4760627 0.04463993
1.9610605 0.14999585
1.4475607 0.06937706
1.643499 0.08569524
1.4969728 0.14259785
1.507323 0.07343863
1.7615292 0.13763936
1.2941918 0.03650515
1.34222 0.11438355
1.7440828 0.11462715
1.1138318 0.03841528
1.2701355 0.12483734
1.4438835 0.029829716
1.3269857 0.06231558
1.053941 0.096081465
0.92382514 0.05346995
1.4031804 0.04532828
1.2358873 0.04631835
1.1200892 0.037963968
1.762399 0.12205183
1.197686 0.053315658
1.4179033 0.061608586
1.5840987 0.056992617
1.7018101 0.09021032
1.6396834 0.0638549
1.5526525 0.052082244
1.6080668 0.019644428
2.0977724 0.13025156
1.6651348 0.040420566
1.9805998 0.08255377
1.1624526 0.09176017
1.2514104 0.06921504
1.5775914 0.04104011
1.1965419 0.06977311
1.346343 0.023071097
1.4310037 0.04158255
1.5023849 0.032039717
1.9658678 0.030245278
1.4977133 0.09034015
1.7067502 0.06640653
1.1673175 0.11243123
1.2261989 0.042704802
1.2096944 0.102174945
2.0054567 0.087545164
1.65252 0.07444529
1.2888925 0.1651858
1.7358847 0.10686523
1.1599056 0.124076486
1.5377991 0.02342019
1.337902 0.041862447
1.5582298 0.097417094
1.5878489 0.074875176
1.7158321 0.08118687
1.8802456 0.12745066
1.4466324 0.07553134
1.5049055 0.049804214
1.7080978 0.04015945
1.7873703 0.053304832
1.8409193 0.14418444
1.5498688 0.07508263
1.3202535 0.10861025
1.3902271 0.045172438
1.3799261 0.14200066
1.6917832 0.054445382
2.2356863 0.07973486
1.6109667 0.035851147
1.7281151 0.079679064
1.196837 0.09385398
1.3929474 0.11946545
1.5999928 0.06743383
1.398839 0.032268867
1.4081115 0.10786944
1.3291273 0.1126717
1.3425279 0.050773896
1.0663651 0.10331722
1.5737633 0.121899895
1.897589 0.18269129
1.5940771 0.05973109
1.3493183 0.1612915
1.4133271 0.10805562
1.439081 0.07870102
1.6129764 0.07644584
1.5958198 0.06801548
1.463783 0.083078764
1.2828548 0.15197055
1.3907385 0.086210646
1.2956213 0.08790169
1.0992655 0.036611993
1.3104284 0.067376755
1.0515678 0.04178363
1.8389909 0.15453261
1.330466 0.11364254
1.3879675 0.045091875
1.5340493 0.055143565
1.4849563 0.15382552
1.0914104 0.0455024
1.2801533 0.070692524
1.4846718 0.09130807
1.4407716 0.07369947
1.4386872 0.10291789
1.5181597 0.085480586
1.5773666 0.08629824
1.4225452 0.07017143
1.3259987 0.040273592
1.361832 0.10867222
1.1027741 0.06804284
1.1350528 0.06809419
1.6080573 0.0704044
1.5642159 0.11583983
1.4035285 0.0416213
1.4655855 0.12927023
0.9932038 0.042838726
1.3585947 0.054848295
1.0426431 0.08071586
1.5671517 0.0613324
1.4656657 0.06658224
1.7028261 0.078072086
1.1848296 0.10175709
1.621793 0.087100394
1.4111583 0.0810248
1.4725207 0.10511222
1.5208555 0.06767048
1.451198 0.12805176
1.4280653 0.044507965
1.3353207 0.0609171
1.6784776 0.07579502
1.6559513 0.07294343
1.7881644 0.10350748
1.1718065 0.047569804
1.1499584 0.14595908
1.5561216 0.073854014
1.2904035 0.076925874
2.1812117 0.18282425
1.6920907 0.09807824
1.3043364 0.06600916
1.6555068 0.0812653
1.5130193 0.18648262
2.0284233 0.08748258
1.1407031 0.14521335
1.2414613 0.07110714
2.0853884 0.039410237
1.9988846 0.03337451
1.2713785 0.046029244
1.0672343 0.065273315
1.2809248 0.08150885
1.3570297 0.07337148
1.3066608 0.11667612
1.7189499 0.06756017
1.2722296 0.060998727
1.2831638 0.062748216
1.2915452 0.03386791
1.555715 0.08357432
0.7548878 0.06644846
1.6846001 0.07258194
1.4287244 0.04296779
1.6020689 0.0990535
1.9190801 0.07630731
1.5472438 0.09660483
1.5744526 0.064745985
1.4545449 0.05126306
1.5114911 0.061344672
1.4475712 0.081443906
1.5146898 0.043021414
1.5083656 0.10571014
1.736405 0.19080971
0.9283546 0.080914
1.7766445 0.048541013
1.2595311 0.032843463
1.2252926 0.12341349
1.6095089 0.04094164
1.3009673 0.08710791
1.3517909 0.038883097
1.4887704 0.113478646
1.3891559 0.07024898
1.4134581 0.038699094
1.5926065 0.021020986
1.4066018 0.090948254
1.3246934 0.016809667
1.417691 0.028894573
1.5422957 0.040666446
1.3830293 0.123733655
1.3753593 0.054169495
1.3939484 0.09072041
1.3989732 0.050049048
1.5242305 0.07286362
1.4151578 0.031543646
1.6394348 0.07199829
1.392521 0.06119273
1.6010405 0.07401766
1.4489939 0.0840441
1.4319984 0.058766138
1.6633238 0.028088303
1.4035285 0.0416213
1.5187747 0.046220493
1.3891938 0.124944404
1.2504137 0.041310687
1.4990844 0.11913138
1.4600122 0.08366442
1.437752 0.034516018
0.6112189 0.036665276
1.5492408 0.05129318
1.3077825 0.043508817
1.5204729 0.066508524
1.5499836 0.09865726
1.6185328 0.116299294
1.6252226 0.08267223
1.5439103 0.051284056
1.8347282 0.17275007
1.6177223 0.08563129
1.6546265 0.2699521
1.3779552 0.22321819
1.2895881 0.04670994
1.3119674 0.14001524
1.6238487 0.06556303
1.684914 0.046801347
1.6461458 0.048171733
0.90495855 0.07424237
1.2212678 0.07704375
1.3912967 0.28606242
1.2093724 0.03415163
1.2150011 0.039217375
1.8472592 0.072466604
1.733731 0.05648358
1.3875234 0.067966364
1.4152564 0.0651
1.0309927 0.05638289
1.4891372 0.070954576
1.3076725 0.0685002
1.3653181 0.087894395
1.1026909 0.09915479
1.1871349 0.08661749
1.596803 0.06849725
2.5053365 0.10914535
1.5085062 0.079841994
1.936965 0.17136288
1.5776938 0.042325586
1.6779916 0.048277993
1.0657412 0.047283646
1.6612694 0.07382046
1.6817274 0.14458615
1.8530048 0.077465564
2.0070834 0.07583915
1.3448024 0.07451009
1.2369602 0.07315017
1.042557 0.063690186
1.4406804 0.079008445
2.0082896 0.06647642
0.9847554 0.07912218
1.1041411 0.075594924
1.0398824 0.036090992
1.6249069 0.05785411
1.073928 0.054080367
1.5016694 0.033723846
1.0262064 0.11392445
1.4304086 0.038571324
1.260167 0.038782828
0.979945 0.107038304
1.1465721 0.057302833
0.997578 0.042699773
1.0078018 0.105809815
1.6441332 0.079443306
1.1113 0.047782943
1.5266776 0.046287935
1.2013707 0.073107846
1.7108986 0.091595784
1.0089769 0.066456385
1.1277318 0.14251962
1.137838 0.058675993
1.5164659 0.05452487
0.8914118 0.04214472
1.7324383 0.05867863
1.3032949 0.10319203
1.004649 0.06541291
1.0832831 0.095695704
1.0502403 0.10416117
1.6241179 0.098383486
1.259828 0.045628823
0.9064061 0.057098452
1.4444755 0.110904716
1.6646426 0.06512109
1.3715752 0.058664348
1.2643961 0.06610853
1.1003689 0.054332495
1.9429083 0.07445432
1.5358641 0.23628005
1.5214703 0.06703336
1.2750801 0.028471919
1.4643819 0.0479724
1.5723224 0.06735136
1.9980917 0.0780025
1.5835692 0.076542616
1.9842243 0.068295136
1.3319249 0.074446075
1.4590598 0.048488338
1.3372384 0.0713565
1.0812413 0.08100781
1.382101 0.041080542
1.5443985 0.07091351
1.5338893 0.047732305
2.1194777 0.064989515
1.458539 0.05138868
0.98059237 0.08445647
1.1890949 0.06880999
1.7856216 0.09454696
1.9097948 0.08707973
1.379628 0.06316592
1.3553033 0.08557316
1.0979134 0.0723645
0.8545154 0.0769475
1.1648993 0.06937421
1.6537577 0.11778904
0.79128224 0.05782725
1.7979448 0.062398043
1.4225113 0.11127602
1.3245103 0.040907327
1.6462023 0.101795815
1.4096893 0.06588364
1.3855739 0.10255369
1.810474 0.11492141
1.4616376 0.05273356
1.6252043 0.05186612
1.5836979 0.045721196
1.4377404 0.10170424
1.5945474 0.062297236
1.6188877 0.09894125
1.1325747 0.030298932
1.5527706 0.1692033
0.9425955 0.10315356
1.6343828 0.18368183
1.0935123 0.10885103
1.1815603 0.119077295
1.4056367 0.060652755
1.8733898 0.17227241
1.071075 0.11366505
1.4804258 0.09853166
1.0624382 0.061848182
1.0674694 0.09066102
1.3707995 0.07369661
1.3492441 0.08117165
1.1882674 0.06981885
1.7356126 0.1259696
1.4079057 0.090141155
1.1801729 0.10184135
1.0165938 0.046403907
1.3821342 0.108664945
1.2733197 0.05890795
1.3770869 0.070981525
1.214673 0.037938103
1.7138815 0.034460347
1.039022 0.05194154
1.309122 0.118234895
1.3463783 0.10452617
1.6860354 0.042010676
1.1982028 0.07014815
1.7007815 0.089049965
1.2022114 0.05229233
1.4370489 0.095962845
1.0788441 0.07538308
1.1515806 0.059543774
1.7075694 0.05091324
1.5410602 0.0716636
1.6192629 0.13867292
1.3726709 0.10559531
1.5331475 0.11561873
1.7231096 0.07350856
1.6654028 0.087532856
1.4290496 0.13477252
1.6142718 0.11708014
1.3853161 0.032425266
0.93772066 0.053693403
1.729008 0.078018874
1.5965194 0.05856831
1.5224262 0.07568288
1.86319 0.026526213
1.1770735 0.0766126
1.3643614 0.14077969
1.2833304 0.09856663
1.508444 0.07254488
1.4702667 0.027861869
1.5998453 0.09359376
1.450776 0.08697546
1.6592124 0.12305952
1.3326874 0.035928965
1.0376754 0.056201324
1.0581418 0.0866487
1.4362413 0.3154892
1.9608825 0.06610716
1.8401058 0.060835525
1.6226447 0.075349525
1.6671898 0.0673647
1.4830306 0.031372458
2.4449759 0.09491558
1.6444298 0.09321282
2.0220928 0.076272964
1.2884104 0.07586541
1.3308719 0.057660915
1.214916 0.084662914
1.3688669 0.053847276
1.5349728 0.053574774
2.3521612 0.08184954
1.6680677 0.03937208
2.3454795 0.057161342
1.5992639 0.083092794
1.3645058 0.051921796
1.693237 0.04418605
1.4153607 0.052655797
1.7118025 0.085243426
1.4177873 0.12657528
1.0548185 0.13811457
2.1732287 0.049279287
1.7810411 0.11305554
1.7327592 0.13217996
1.4692333 0.09814486
1.569351 0.1643268
1.110346 0.0223643
1.4767611 0.07184432
1.5884688 0.047355488
1.9509434 0.060536128
1.4992629 0.14957921
1.1717077 0.1270654
1.5206902 0.09878917
1.5002396 0.15415068
1.3742034 0.13116337
1.6556858 0.09289481
1.627998 0.09450904
1.5741271 0.07245234
1.4509376 0.11853072
1.4893477 0.07845839
1.4635946 0.105667874
1.5245152 0.064972885
1.3675125 0.040058088
1.797218 0.07536501
2.1726446 0.12554775
1.025765 0.12784144
1.3761985 0.038880378
1.6387784 0.17881913
1.738095 0.043142688
1.4842552 0.11047061
1.65544 0.06997161
1.6118186 0.085098036
1.535773 0.13610828
1.5338442 0.069066726
1.5062673 0.07366379
1.4606059 0.03605886
1.1979156 0.07685482
1.7062498 0.07707256
1.6089894 0.14486986
1.7559035 0.07438626
1.2170057 0.050208505
1.3630979 0.10209836
1.5819719 0.063193835
1.3121783 0.075067565
2.0268562 0.17646675
1.5615718 0.06484142
1.5978984 0.053241417
1.6213634 0.10954802
1.4969572 0.16511533
1.651465 0.068312146
1.1767553 0.11134488
1.2355518 0.09873914
2.0953505 0.037643116
1.7987583 0.058741964
1.9252297 0.052047256
1.9075521 0.13245015
1.8850896 0.18131252
1.6603582 0.025637463
1.1884884 0.08754879
0.7946176 0.11801072
1.7354314 0.112779446
1.7545456 0.1549629
2.0331912 0.07548788
2.1201205 0.06243007
1.7268718 0.06530025
2.2494698 0.06310546
1.4745055 0.044879496
1.5343891 0.056972496
1.8544157 0.050329607
1.6751783 0.11092023
1.5528538 0.058651205
2.1866612 0.080628425
1.2975646 0.07904473
1.1428145 0.087987415
1.1415216 0.046109833
1.7058204 0.15556933
1.8965597 0.109649256
1.3760333 0.060764045
1.3360059 0.06716115
1.5628746 0.13275023
1.1095862 0.05449704
1.5069686 0.054258026
1.2614205 0.05700323
1.5641356 0.116922356
1.6979786 0.061691355
1.4365599 0.070956714
1.6420457 0.055066884
1.5431054 0.07121987
1.5793012 0.05716608
1.4572437 0.07345865
1.5724686 0.052325882
1.7072182 0.05005478
1.2865602 0.11092435
1.8145384 0.06952508
1.5547245 0.14623769
1.5374168 0.07418228
1.1097457 0.04610767
1.5076315 0.06562056
1.4725178 0.079236455
1.7051678 0.064629674
1.7568395 0.0794042
1.3468989 0.07746756
1.5214703 0.06703336
1.5209608 0.07550853
1.5597374 0.05795623
1.5716488 0.061051425
2.0787292 0.064216055
1.811169 0.053424753
1.6346769 0.0891235
1.3999345 0.09258979
1.4442694 0.080709115
1.5225513 0.0651418
1.023797 0.10072402
1.5490248 0.049651545
1.431621 0.04942999
1.3549724 0.07992181
2.063496 0.03492122
1.4815017 0.07718367
1.7692757 0.102410056
1.0268334 0.081030905
1.2160462 0.04799635
1.6910307 0.058691062
1.9245907 0.12071314
1.4476829 0.15888672
1.4341636 0.03847538
1.3575556 0.11532908
1.1996082 0.14148323
1.4419298 0.033596274
1.9798949 0.14087021
1.3512591 0.0919921
1.6646277 0.09135905
1.6311741 0.17022601
1.865823 0.150423
1.6497961 0.1091436
1.4678476 0.060998943
1.9225954 0.03778888
1.5953672 0.063476205
1.5822908 0.08437358
1.8679527 0.024924783
1.1141511 0.07071798
1.6310551 0.077182375
1.2846053 0.14928412
1.649877 0.13093226
1.8560005 0.042104483
1.5309075 0.10806319
1.2650968 0.030162545
1.8487622 0.13163573
1.5171545 0.031939443
1.2590241 0.115731426
1.768026 0.15440941
1.6525586 0.11100917
1.739784 0.069640584
1.2051631 0.11433666
1.7455397 0.252632
1.8271255 0.15376763
1.384778 0.12708749
1.5819038 0.06852396
1.3009266 0.09740515
2.0598664 0.1831962
1.5482998 0.14661287
1.8731571 0.07074382
1.3595941 0.061807077
1.4513241 0.10533815
1.5420729 0.12856604
1.3599491 0.1214681
1.5214703 0.06703336
1.5533702 0.049624152
1.5756115 0.048437957
1.4735267 0.06964179
2.0650039 0.041852396
1.555735 0.13536482
1.6678619 0.08581936
1.3764206 0.08128838
1.2663457 0.064471185
1.3811271 0.035812605
1.0739886 0.1360384
1.5047767 0.052963637
1.7854592 0.065341085
1.2480857 0.04940956
2.2034469 0.046410684
1.5514162 0.029062621
1.7117952 0.052551884
1.1367724 0.094218805
1.2214212 0.05171145
1.4537258 0.11043737
1.8093106 0.12042071
1.4326028 0.03958487
1.7719263 0.051552225
1.5538924 0.06414341
2.0979142 0.08555205
1.4267251 0.04295753
1.2900765 0.13379233
1.5322863 0.080394216
1.2719386 0.06274287
1.4902607 0.1429953
1.0436177 0.05992156
1.4366853 0.09881347
1.8479973 0.109475784
1.6452898 0.13645488
2.4248781 0.14827333
1.4918957 0.084135346
1.6206458 0.08526853
1.2364006 0.10303044
1.2979536 0.10405115
1.4580538 0.07943131
1.8266083 0.089593954
1.7414116 0.073666446
2.0867982 0.3502537
1.5338442 0.069066726
1.5156047 0.116130486
1.5378367 0.06315584
1.3457534 0.09110452
1.5353615 0.065920636
1.5596832 0.11854128
1.460877 0.11069179
1.5575435 0.057809714
1.4243743 0.115875185
1.5338442 0.069066726
1.568204 0.14638531
1.6599522 0.11073681
1.6359237 0.042304773
1.8900503 0.24852899
1.5529592 0.06820336
1.4371068 0.06886527
1.5799978 0.066357434
1.2581353 0.11158762
1.4510702 0.123733714
1.6960825 0.096731566
1.3623036 0.043752924
1.5963258 0.15780613
1.3418329 0.07743144
1.4921309 0.23542267
1.2788095 0.06836193
1.4489586 0.07812172
1.645772 0.10900335
1.4089804 0.043918215
1.549119 0.108341895
1.4668472 0.060629494
1.5168532 0.06579764
1.147732 0.10159139
1.1949418 0.046106987
1.5298359 0.12070195
1.5924071 0.06646899
1.964834 0.10695391
1.5909773 0.22201876
1.3713957 0.12589623
1.5379996 0.07158975
1.7227776 0.07688268
1.5231154 0.06739013
1.3671668 0.061128665
1.4903557 0.11216015
1.4360778 0.049045023
1.4580348 0.10904932
2.0210843 0.09048317
1.5637974 0.078624845
1.1891198 0.038927037
1.1528306 0.04936277
1.4648008 0.10130563
1.9428009 0.07159633
1.5778097 0.1429406
1.3691652 0.059407134
1.5722525 0.06712965
1.6650221 0.0579614
1.4738587 0.07361647
1.3699304 0.0656735
1.4914188 0.04079622
1.534323 0.030725492
1.4122252 0.074687935
1.5309621 0.030901177
1.4091389 0.0762128
1.078242 0.06683036
1.4928269 0.037606888
1.3969021 0.14548816
1.5251079 0.044762712
1.4612058 0.053647146
1.4727308 0.0599501
1.7265421 0.11653066
2.039934 0.18493722
1.7609923 0.074784756
1.7193601 0.052136265
1.7868325 0.07652516
1.8451208 0.08536499
1.3942033 0.09252014
1.7422718 0.0518977
2.3407197 0.08468119
1.5266864 0.1033497
2.1944175 0.20827554
1.6456188 0.05925366
1.1092405 0.07139541
1.218082 0.06718
1.7947212 0.05898033
1.5907432 0.05599607
1.9390761 0.05603773
1.8022716 0.1449726
1.9203815 0.078785375
1.9323632 0.071491726
1.5106927 0.05737474
1.9165198 0.064674325
1.9014107 0.08032457
1.6017902 0.06530206
1.434736 0.11000028
1.538583 0.22533533
1.6099144 0.060046393
1.9693922 0.075596154
1.0433044 0.08749283
1.8287191 0.10839538
1.5129584 0.08920848
2.1680083 0.08683198
1.350862 0.053898353
2.0180504 0.06473684
1.4393882 0.10694585
1.7135713 0.14858948
1.9328903 0.092449255
1.2403098 0.030008484
1.3205248 0.07464691
1.4130037 0.06264616
1.5318463 0.13370445
1.9159899 0.05501678
1.5623462 0.13392137
2.2243333 0.12916169
1.5450424 0.092460826
2.212542 0.12622313
1.5934471 0.05750497
1.209486 0.0624275
1.4184978 0.07580558
1.7099527 0.075498
1.657193 0.09990536
1.6646439 0.10787541
1.4980195 0.06651031
1.6349218 0.09639395
1.6464754 0.05086028
1.4384105 0.1598591
1.0775188 0.086558886
2.2940419 0.12245707
1.4786191 0.07143834
1.3386134 0.09579603
1.5775893 0.08772684
1.5591929 0.16600026
1.6719784 0.0841982
1.8054597 0.051361505
1.697615 0.06755225
2.3424726 0.077819005
1.3090131 0.15408862
1.3564376 0.12802342
1.011159 0.14372261
1.3604522 0.081421256
1.7315155 0.1013856
1.5264533 0.051254313
1.7108033 0.17332537
1.4832282 0.12753285
1.6013079 0.06491017
1.6430823 0.08481809
1.6624819 0.08694234
1.8442373 0.20244676
1.7423338 0.121905625
1.6400807 0.05590491
2.1688209 0.11026631
1.5337118 0.060501553
1.5530441 0.055623353
1.6563629 0.24270342
1.3248435 0.083485305
1.256763 0.06645833
1.5109185 0.04304364
1.506959 0.08837165
1.7579689 0.08945648
1.5576733 0.053527374
1.451637 0.09111391
2.0005558 0.20113848
1.554815 0.019588362
1.5337553 0.038845714
1.3633657 0.020765465
1.0578067 0.08123544
1.4670036 0.108410776
1.6035411 0.09359953
1.6764463 0.09243248
1.6921419 0.04997221
1.6448025 0.07016346
1.8523594 0.08715205
1.8391254 0.090021566
1.2464662 0.060782213
1.5005252 0.063838676
1.519717 0.07785124
1.7305176 0.115564644
1.953482 0.11029587
1.171229 0.08410887
1.4866364 0.106456384
1.528983 0.096691996
1.4129752 0.07287669
1.2597171 0.05236293
1.4855607 0.24382135
1.752216 0.056940004
1.5495572 0.083686665
1.4609612 0.0905946
1.3449972 0.06026172
1.5446306 0.051627718
0.86588323 0.035340175
1.4493681 0.055586915
1.3843133 0.04767895
1.2507211 0.092257805
1.6227195 0.16648601
1.4173071 0.02551766
1.4521675 0.017642617
1.7440445 0.09422818
1.0527257 0.09393948
1.769421 0.077381946
1.4111874 0.07645782
1.473425 0.047582105
1.7049577 0.089257255
1.9095957 0.105350286
1.6899751 0.094624266
1.1583992 0.05127242
1.5225462 0.18268386
1.1787114 0.06453881
1.2593272 0.09205576
1.5952617 0.059916046
1.3515534 0.08594359
1.5432994 0.037824575
1.3477015 0.04773657
1.6717259 0.05533011
1.3236302 0.04256657
1.177737 0.068119824
1.4577215 0.05728886
1.247262 0.028635759
1.5250325 0.07496314
1.4940813 0.20865308
1.5744418 0.053585898
1.7298797 0.035869386
1.8429215 0.07482599
1.1176698 0.04428928
1.2502285 0.11926694
1.6075611 0.245541
1.7142481 0.08591517
1.8968384 0.07389903
1.2996099 0.07549386
0.9985682 0.12290378
1.3124472 0.08469589
1.9701668 0.078081176
1.6657503 0.10771592
1.7944168 0.08667355
1.4393537 0.13949236
1.2370821 0.057910457
1.8545479 0.07379916
1.4895403 0.11822759
1.6084766 0.106182404
1.3807001 0.06543509
1.4704599 0.11294689
1.6936913 0.093587324
1.4775181 0.038830727
1.2513949 0.10210037
1.0456121 0.072938986
1.393296 0.062058292
1.4709923 0.09783094
2.4132323 0.1666724
1.657828 0.1045413
1.3484182 0.1077843
0.9747505 0.14550276
1.8413413 0.13774733
1.8049204 0.10379488
1.5277278 0.0786201
1.8246434 0.03725738
2.3601027 0.1231815
1.4396267 0.102846436
1.8169531 0.12180433
1.6682358 0.24859117
1.48434 0.14972533
1.6464754 0.05086028
1.3908725 0.03872383
1.2947085 0.05393602
2.2946413 0.0702988
1.4547397 0.051584154
1.4039222 0.17515284
1.4918249 0.037130207
1.7524973 0.071268745
1.6541386 0.0754997
1.1216767 0.14253265
1.4390423 0.12220493
1.3812537 0.14703129
1.792903 0.07535922
1.0647082 0.09765165
1.6336645 0.08406077
1.1619445 0.10630394
1.8760407 0.11396234
1.3347213 0.09061148
1.4980365 0.106490776
1.2907813 0.027692791
1.2907813 0.027692791
1.7290409 0.063144
1.5236253 0.12484228
1.5656868 0.077415496
1.5658029 0.11994812
2.1832871 0.21107988
1.90723 0.06685338
1.3149655 0.08482265
1.2175272 0.073771775
1.4177626 0.07061053
1.0801225 0.077330306
1.1964637 0.07682621
1.6686054 0.039628733
1.3402376 0.049136814
1.338354 0.09180596
1.2047007 0.102997854
1.1607339 0.08675154
1.4766655 0.09421235
1.6821406 0.07044322
1.2876985 0.08331692
1.040314 0.08298366
1.1963916 0.029444348
1.647871 0.02262803
1.3524355 0.07506847
1.478312 0.09214314
1.6826493 0.07531613
1.5041239 0.052729134
2.0294309 0.26391038
2.4379199 0.1445775
2.1907523 0.11101359
2.1349683 0.09595606
1.1208411 0.04303331
1.452274 0.038122304
1.8461103 0.09101692
1.6812359 0.077214785
1.8399684 0.27683014
1.4559476 0.050647765
1.4026302 0.050862473
1.3105648 0.06043265
1.5085212 0.056041647
1.0349476 0.110680796
1.239671 0.059501886
1.0577669 0.055980142
1.5213277 0.09196721
1.3196396 0.07432745
1.4468448 0.110329404
2.1391814 0.16880152
1.7735583 0.051139798
1.5479192 0.06611155
1.1005223 0.12492645
1.7530804 0.07806822
1.5365698 0.024964986
1.4258206 0.051143408
0.8989485 0.07203638
1.0590942 0.123895764
1.1369107 0.093766704
1.7907593 0.07033183
1.1486447 0.06389216
1.7106361 0.13599303
2.163216 0.06806547
1.4970686 0.05248084
1.4415693 0.08330104
0.9154051 0.10468057
1.2065611 0.13448401
0.9877121 0.064135484
1.5492847 0.13163471
1.065808 0.10440771
1.6751648 0.034152508
2.083629 0.12795606
1.6337805 0.09811828
1.8471054 0.111145474
1.7561976 0.10028533
2.125095 0.1605642
2.214371 0.072896555
1.9844872 0.11240217
1.5427588 0.0699401
