2.289444
1.5181739
1.3887026
1.9803126
0.89390665
2.0916622
1.4943936
1.4887887
2.0160277
1.4146312
1.1156303
1.3297582
1.7812632
2.0050676
0.98970073
1.5571352
1.7409014
1.5297067
1.6166848
1.2772379
1.5851624
1.3515279
1.2175398
1.0452591
2.0118306
1.4435436
1.0890326
1.3382807
1.5212306
1.2481225
1.4155943
1.9674351
1.420874
1.6258177
1.5108573
1.2635328
1.5827755
1.3928955
1.9694191
1.4467533
0.799984
1.9948764
1.3894063
1.4247429
2.2312815
1.1995445
1.9661236
1.3583114
1.5574855
1.5249674
1.9671124
1.3786471
1.4506897
1.5644178
1.2211316
2.155825
1.0499575
1.5487086
1.5853757
1.4836553
1.7359691
1.2968833
1.8229928
2.4505014
2.4444025
1.9001942
1.4577929
1.7089806
2.4149134
2.0514412
1.711482
1.3182548
1.285694
1.5214443
1.6015453
1.7926099
1.0806888
1.3472782
0.8688165
1.1740689
1.9618692
1.2368579
1.9715629
1.6330943
0.5939147
1.4655586
1.6147896
0.9779239
1.3933722
0.8782864
1.9291412
1.4714968
2.4174025
1.0015525
0.61738
2.0215628
1.6910882
1.6627163
1.7779552
1.3510004
1.6516314
1.5383948
1.2071701
2.1524305
1.6314883
1.5831282
1.3579472
1.0847012
1.0536005
1.4240946
0.8842406
1.9325238
1.2551105
1.242201
1.1499941
1.417195
1.3798379
1.6684299
1.2766432
1.4637685
0.9266603
2.0016239
1.8125857
1.3653506
1.4024937
1.5170181
2.523434
1.5758575
1.6494215
1.4861861
1.5605739
1.0733525
1.3510448
1.7691469
1.6899401
1.5791829
1.4426439
1.8497744
1.9998766
1.5476596
1.6878839
1.5569456
1.5544657
1.7616297
1.0024753
1.6799744
2.2755938
1.9208283
1.4352688
2.478067
1.6201328
1.3505952
1.4738444
2.1748493
1.5578759
1.4044417
1.1994379
1.0056198
1.5483903
1.5285455
2.5190747
1.4655586
1.2657013
1.7305797
0.69482577
1.9157197
2.3076742
1.5250599
0.80618685
2.2073805
0.9048749
1.3422265
1.9449258
1.1679509
1.5336523
1.5957063
1.5948806
1.7235086
1.517207
1.2710434
1.1637774
1.604634
1.1160355
1.5395069
1.2012507
1.4661685
1.065422
1.5822996
0.9246758
1.8556976
1.6736368
1.5887297
2.0256622
1.5934093
1.2174059
1.5652415
1.7888161
1.3163635
1.5994053
0.94765747
1.5443232
1.5010226
1.6222849
1.4043063
2.1062794
1.6205252
1.2817045
2.184841
1.7956221
1.6696719
1.7362685
2.0256622
1.5343888
1.2961922
1.4495988
1.8389752
1.3378024
1.4008902
1.5949448
1.3736637
1.4239565
1.403511
1.6814544
1.6612036
0.9413953
1.941545
1.5905592
0.89685464
0.9851722
2.2292175
1.8020343
1.1887693
1.3370049
1.23227
2.478067
0.9841984
1.5113596
1.6982609
2.2517426
1.4617065
1.481966
2.1960018
1.5703416
