2.3133
1.6518437
1.4347697
1.961466
0.7984181
2.2437048
1.4289153
1.4800264
1.8454503
1.3950729
1.072062
1.2157682
1.7696979
1.8192676
0.9592522
1.6302651
1.6721457
1.4969593
1.6738315
1.2828664
1.7356902
1.6621811
1.3009479
1.2083633
2.0511196
1.6026558
1.2283182
1.4228387
1.3633227
1.2322499
1.44053
1.9510154
1.3660231
1.7354826
1.4058511
1.3304552
1.5148168
1.587063
1.9926819
1.3622546
0.91229266
1.965595
1.2177808
1.4749272
2.246243
1.1747
1.9378924
1.4123403
1.634918
1.4787647
2.0093498
1.423677
1.4408478
1.6364686
1.1860243
2.3030887
1.036649
1.5108716
1.6288167
1.5520545
1.7351333
1.0291334
1.6515684
2.458211
2.3686774
1.9365147
1.4295573
1.5889686
2.5489492
2.1391904
1.6605033
1.4273554
1.3742737
1.6014221
1.716211
1.7522906
1.0867236
1.4298555
0.6996239
1.1385266
1.9378517
1.201374
2.0374978
1.7422572
0.53044003
1.3886638
1.614455
0.90389436
1.5674915
0.8635395
1.7386806
1.5113021
2.3176239
1.1252909
0.61109823
2.0033443
1.6368182
1.7423024
1.8236511
1.3899742
1.7046059
1.4905795
1.1661608
2.0721107
1.6542209
1.4555391
1.3395603
1.1136429
1.0533884
1.485115
1.0289905
2.0575469
1.171021
1.3815063
1.1527699
1.4480351
1.4279904
1.6752526
1.3553857
1.5071737
0.96961945
2.0395203
1.8538313
1.5403446
1.5429373
1.40084
2.4334118
1.3450258
1.6531723
1.4683769
1.4519178
0.9877239
1.3458301
1.7211951
1.6721457
1.6302918
1.4658506
1.8086528
1.9604796
1.6251293
1.6819397
1.7861432
1.5833172
1.7968414
1.0564535
1.7458763
2.1297808
1.9175837
1.3585639
2.457944
1.4850836
1.3562344
1.3887223
2.1443496
1.6014221
1.5968655
1.2435613
0.92839545
1.5921445
1.4592117
2.3919344
1.3886638
1.4214076
1.5314833
0.8282921
1.851882
2.2191317
1.5212609
0.67083496
2.110831
1.0747988
1.187512
2.0585709
1.4312007
1.5835483
1.6987427
1.6516027
1.6727269
1.6019912
1.1639065
1.1881336
1.7342907
1.1677089
1.6752526
1.2651664
1.3884821
1.126008
1.450266
0.8787289
1.9567817
1.6423975
1.3923734
2.037588
1.5816082
1.447179
1.3602934
1.8389467
1.5237535
1.6651086
1.1201974
1.4774506
1.4936959
1.6383799
1.5266504
2.1333654
1.5767002
1.3953507
2.1763158
1.4415286
1.7966669
1.7591769
2.037588
1.4130521
1.3349746
1.4990165
1.8214713
1.4041342
1.5139796
1.5081924
1.2911894
1.4555391
1.489352
1.3852835
1.641634
0.9417735
1.8095491
1.4805095
0.89315015
0.951207
2.1333654
1.9050325
1.3955723
1.4119226
1.3215381
2.457944
0.8264361
1.7496727
1.7390119
2.1145515
1.445577
1.4829783
2.0026252
1.4596004
