2.3109663
1.6495523
1.4327785
1.9591932
0.7961706
2.2413678
1.4262322
1.4775048
1.8433332
1.3920342
1.0692573
1.2127738
1.7674558
1.8169801
0.9564723
1.6281817
1.669733
1.4939319
1.6722672
1.2801785
1.7336105
1.6597705
1.2989659
1.2058227
2.0493495
1.6002698
1.2263243
1.4203943
1.3609362
1.2291682
1.4379418
1.9492514
1.3637562
1.7330246
1.4032502
1.328216
1.5121448
1.5846815
1.9906034
1.359561
0.9098982
1.9639413
1.2154286
1.4726455
2.243904
1.1721132
1.9360774
1.4101036
1.6335626
1.4761031
2.006979
1.4211922
1.4386203
1.6342063
1.1835122
2.30061
1.0343666
1.5085526
1.6266077
1.5494754
1.7334013
1.0273206
1.6497067
2.4558332
2.366442
1.9341643
1.4269149
1.5866635
2.5467873
2.1377215
1.6585203
1.4243861
1.3721042
1.5989974
1.7142862
1.7498231
1.0843475
1.4271607
0.6969186
1.1361809
1.9356024
1.1986954
2.0351086
1.7401619
0.52797204
1.3862334
1.6117399
0.9014572
1.5657802
0.861116
1.7358658
1.5086753
2.3154373
1.1227987
0.6087089
2.0010138
1.635066
1.7401948
1.8213258
1.3876922
1.7022476
1.4881011
1.1635537
2.0694253
1.6515672
1.4531775
1.3370116
1.1107635
1.0511069
1.4825995
1.0259068
2.054511
1.1679841
1.3790231
1.1502588
1.4452436
1.4254131
1.6728001
1.3529036
1.5056133
0.9673105
2.0370927
1.8507539
1.5377455
1.5406874
1.3983328
2.4309201
1.3432024
1.6507075
1.4659781
1.4498339
0.98490196
1.3429544
1.7187116
1.669733
1.627922
1.4633057
1.8061892
1.9581966
1.622762
1.6792955
1.7841
1.5810336
1.7943598
1.0537887
1.7440693
2.1269276
1.9161727
1.3554862
2.4558835
1.4826219
1.3535889
1.3861058
2.1421046
1.5989974
1.5941452
1.2410846
0.9254913
1.5888695
1.456568
2.3903584
1.3862334
1.41901
1.5294273
0.8255025
1.8494046
2.217067
1.5191847
0.6682041
2.1083298
1.0716991
1.1848037
2.0563717
1.4287322
1.5807412
1.6966031
1.6482682
1.6699667
1.599638
1.1619465
1.1855018
1.7321801
1.165112
1.6728001
1.2623425
1.3858757
1.1237624
1.4476683
0.8762393
1.955348
1.6398304
1.3898938
2.035123
1.5790983
1.4449761
1.3581703
1.8360401
1.5210016
1.6626217
1.1168051
1.4748433
1.4910982
1.6357481
1.5241406
2.131056
1.5739231
1.3927743
2.1742387
1.4390278
1.7942206
1.7563143
2.035123
1.4105492
1.3316696
1.4962909
1.8197412
1.401614
1.5114174
1.5054238
1.2894096
1.4531775
1.4868664
1.3828269
1.6391388
0.93939567
1.8067975
1.478384
0.8896564
0.9482823
2.131056
1.9025911
1.393014
1.4094517
1.3189173
2.4558835
0.82361424
1.7472446
1.7363458
2.112349
1.4430175
1.4804194
2.0003262
1.4570161
