2.242933
1.5458115
1.3865734
1.991256
0.93699914
2.1710765
1.5389553
1.5258995
1.9367112
1.4109509
1.1300346
1.2773315
1.6956936
1.8988013
1.014509
1.5544496
1.7558563
1.5386307
1.6261295
1.3359977
1.5978755
1.3885189
1.1767458
1.0922449
2.0279808
1.5873073
1.1322349
1.4171839
1.5411972
1.1491376
1.4482996
1.9625618
1.32196
1.6465931
1.528998
1.2883996
1.6038958
1.3747686
1.9973716
1.4560872
0.83899814
1.9917487
1.3856099
1.5484773
2.3347723
1.2269943
1.8920957
1.3943611
1.5669328
1.5636023
1.9114419
1.4228992
1.469226
1.6437435
1.2459329
2.3558536
0.9582837
1.4765345
1.6226872
1.5648212
1.7000417
1.3367605
1.8378474
2.386524
2.4131715
1.9202938
1.3780255
1.7217249
2.520226
2.0154197
1.7262713
1.3458118
1.250009
1.5197315
1.637705
1.7069234
0.9533329
1.3376228
0.77865815
1.1171609
2.0819314
1.0934008
1.9807236
1.6694342
0.6081297
1.4837121
1.6204516
1.0424799
1.4433041
0.89687586
1.814679
1.5390016
2.4383724
0.99446625
0.58954704
2.0167506
1.6440204
1.6484811
1.7929711
1.5079648
1.6665927
1.5744007
1.0612093
2.1317008
1.6449915
1.4239812
1.4233252
1.0990789
1.0795487
1.4415257
0.8896766
1.9758334
1.1825169
1.2221514
1.210385
1.4498479
1.4178748
1.616068
1.3699361
1.4731457
0.924708
2.0201347
1.8595873
1.3984269
1.4192975
1.4780517
2.508137
1.5817969
1.6867334
1.4907736
1.5978532
1.075841
1.2741368
1.8126851
1.7048538
1.599276
1.5663813
1.7641395
1.9800436
1.5625613
1.5480697
1.4536643
1.624375
1.7989064
1.016867
1.6783249
2.2686477
1.9193605
1.4685419
2.5038226
1.6384661
1.3177315
1.3874302
2.2542093
1.6410161
1.508103
1.1907617
1.0019768
1.5734036
1.4584454
2.404874
1.4129335
1.3016337
1.7618583
0.75870556
1.8493676
2.2271073
1.5396712
0.79441226
2.2130928
0.910313
1.2885607
1.9056104
1.3322694
1.5268244
1.6747432
1.645996
1.65445
1.5291803
1.2797036
1.0838276
1.6298257
1.0633602
1.4870424
1.1826347
1.5679086
1.0966059
1.547507
0.8681105
1.9775776
1.5941985
1.4108274
1.9733572
1.6363837
1.2633702
1.5201137
1.8400304
1.4180589
1.5939513
0.95614815
1.53353
1.4626703
1.502565
1.4242164
2.1439703
1.6564002
1.3322232
2.306375
1.8771276
1.7069234
1.7093678
2.0441353
1.5191962
1.3105924
1.3468494
1.8742791
1.3051819
1.3182186
1.6044084
1.3796523
1.4536324
1.4064839
1.6291606
1.6795368
0.8037134
1.8992728
1.5492641
0.8779367
1.0054723
2.1439703
1.8164558
1.2847668
1.3376659
1.25811
2.5038226
0.90436804
1.5260788
1.7524252
2.2796168
1.448557
1.4963425
2.149306
1.611144
