2.3941944
1.616817
1.3933733
2.0150225
0.8534213
2.1693027
1.4035933
1.4110391
1.8716818
1.3477477
0.9921521
1.1924382
1.9347204
1.8787796
0.8251891
1.577514
1.641983
1.545085
1.6838615
1.2535881
1.5701848
1.5948001
1.313325
1.1536021
1.9530201
1.5400565
1.1951762
1.3276583
1.5276403
1.2190815
1.511354
2.002532
1.2092508
1.7656331
1.6835294
1.3112539
1.4154693
1.4965973
2.003473
1.4149877
0.84707767
1.9025626
1.2542907
1.4497868
2.226973
1.2369597
1.8099297
1.4098521
1.667615
1.4731679
1.871155
1.4073764
1.5186168
1.4809998
1.124063
2.316851
0.9526582
1.2937104
1.7220505
1.4287521
1.8480697
1.204096
1.8494153
2.5020375
2.4384475
1.915995
1.4215307
1.6157519
2.4812057
1.9891329
1.7347463
1.3684821
1.3278933
1.5661067
1.4956214
1.7381768
1.0055902
1.3954897
0.808079
1.0711223
1.9525135
1.0805172
2.0745602
1.6830564
0.6607621
1.4545652
1.5981538
0.98370165
1.5520147
0.70758545
1.852081
1.4427398
2.5834024
1.1238484
0.699935
2.0557952
1.5683503
1.7648532
1.9525135
1.3852403
1.7753304
1.4249157
1.2620059
2.076892
1.6301272
1.7148966
1.301017
1.1006085
0.97879195
1.3896867
0.914503
1.8693439
1.3392798
1.325648
1.2940181
1.511354
1.3210807
1.638548
1.418431
1.5562012
1.006992
1.9139541
1.9182549
1.3121985
1.4620376
1.4292305
2.479951
1.5191473
1.5705599
1.514176
1.5244149
1.0717951
1.2883555
1.6583766
1.641983
1.6123761
1.4679315
1.7950692
2.0017796
1.6547135
1.547955
1.6575598
1.6708598
1.6042191
1.0272728
1.6652179
2.2797346
1.9045464
1.3618577
2.6085372
1.5272264
1.2929987
1.3379692
2.103518
1.4405727
1.5935798
1.2486008
1.031681
1.7327228
1.3977273
2.3459563
1.4545652
1.3354626
1.8368819
0.84463054
1.8883791
2.0805538
1.5167772
0.8965101
2.0183544
0.914503
1.2084775
1.8875691
1.2564455
1.5138819
1.9667982
1.5766033
1.6565514
1.5168984
1.2539333
1.1637101
1.5894635
1.1690646
1.638548
1.148349
1.5204085
1.1658913
1.480313
0.9220523
2.0710702
1.496173
1.5653341
1.9189068
1.644854
1.3521519
1.4133396
1.7461493
1.4583019
1.530386
1.0822107
1.5161296
1.4859439
1.6738118
1.5666541
2.1245081
1.578029
1.3485059
2.3606246
1.8048673
1.8114231
1.8076466
1.8971156
1.4405727
1.3735708
1.4327217
1.8664837
1.3152958
1.3685114
1.5618088
1.271999
1.6606817
1.5470889
1.7833136
1.6869129
1.0008425
1.798719
1.4981978
0.78926665
1.1265522
2.1640048
1.9637667
1.278602
1.402597
1.3349786
2.6094909
0.8432183
1.47682
1.5113074
2.1310608
1.4123284
1.5455625
2.1715994
1.5579815
