2.3101296
1.6487548
1.4319928
1.9583782
0.795383
2.2405467
1.4254313
1.4767182
1.8425125
1.3912518
1.0684881
1.2119962
1.7666497
1.8161615
0.95571
1.6273853
1.6689159
1.4931433
1.6714598
1.2793969
1.7328038
1.6589804
1.2981771
1.2050313
2.048534
1.5994855
1.2255388
1.419611
1.3601635
1.2283932
1.4371377
1.9484316
1.3629773
1.73221
1.4024804
1.3274364
1.5113498
1.5838686
1.9897809
1.3587738
0.9091219
1.963128
1.2146391
1.4718573
2.243086
1.1713438
1.9352587
1.4093235
1.6327575
1.475304
2.0061672
1.4203936
1.4378113
1.6334136
1.1827478
2.2997963
1.0335683
1.5077394
1.6258051
1.5486609
1.7325884
1.0265337
1.64891
2.4550047
2.365597
1.9333575
1.4261221
1.5858786
2.5459447
2.1368892
1.6577225
1.4235921
1.3713198
1.5981952
1.7134855
1.7490206
1.0835713
1.4263686
0.696154
1.1353852
1.9347845
1.1979128
2.034296
1.7393589
0.5272161
1.3854487
1.6109382
0.9006702
1.5649809
0.8603411
1.735063
1.5078758
2.314607
1.1220077
0.6079328
2.0002012
1.6342591
1.7393819
1.8205136
1.3868815
1.7014238
1.4873216
1.1627613
2.068598
1.6507878
1.4523942
1.3362173
1.1099824
1.0503002
1.4817921
1.0251456
2.0536919
1.1672134
1.3782252
1.1494604
1.4444462
1.4246153
1.6719997
1.3521038
1.5048109
0.96654886
2.0362775
1.8499389
1.5369412
1.5398941
1.3975357
2.4300947
1.3424188
1.6499071
1.4651908
1.4490447
0.98411727
1.3421608
1.7178882
1.6689159
1.6271098
1.4625149
1.8053827
1.9573723
1.6219636
1.6784903
1.7832671
1.5802369
1.7935591
1.0530072
1.7432641
2.1261015
1.9153522
1.3546985
2.4550383
1.4818411
1.3528163
1.3853117
2.1412935
1.5981952
1.593349
1.2402881
0.9247135
1.5880764
1.455774
2.3895206
1.3854487
1.4182327
1.5286229
0.82472324
1.848603
2.2162285
1.5183892
0.66744184
2.107493
1.0709327
1.1840237
2.055547
1.4279559
1.5799462
1.6958082
1.6474664
1.6691586
1.5988234
1.1611613
1.1847163
1.7313793
1.1643249
1.6719997
1.2615656
1.3850726
1.1229554
1.4468664
0.87546206
1.9545249
1.6390253
1.3890973
2.0343113
1.5783134
1.4441844
1.3573645
1.8352237
1.5201997
1.66181
1.1160448
1.474038
1.4903005
1.6349431
1.5233382
2.130227
1.57312
1.3919817
2.1734202
1.4382242
1.7934155
1.7554947
2.0343113
1.4097537
1.3308903
1.4954945
1.8189222
1.4008249
1.5106
1.5046269
1.2886258
1.4523942
1.4860799
1.3820379
1.6383452
0.93861604
1.8059891
1.4775826
0.8888911
0.94752425
2.130227
1.9017785
1.3922225
1.4086665
1.3181196
2.4550383
0.82285094
1.7464255
1.7355564
2.1115286
1.442236
1.4796227
1.9995022
1.456238
