2.3704476
1.6901081
1.4588279
1.9261127
0.8428565
2.2168667
1.513271
1.4879118
1.8235636
1.3191812
1.0887805
1.1770582
1.6362634
1.7975314
0.98716843
1.5702071
1.6313071
1.4000546
1.6514287
1.3144492
1.7195872
1.6127791
1.3846414
1.1470981
2.0842733
1.507382
1.2031956
1.3971218
1.4434118
1.2647543
1.3800741
1.8920645
1.3736954
1.6947644
1.5859722
1.336515
1.4952108
1.5634059
2.0177763
1.3381519
0.87337494
1.9495289
1.2852871
1.4829514
2.2385447
1.181444
1.8788686
1.394543
1.6125394
1.5263712
1.9503376
1.4752014
1.4063848
1.5983377
1.2144281
2.445746
1.0031114
1.4786717
1.6379297
1.4157625
1.713071
0.9586772
1.6536474
2.5790145
2.4170094
1.8032769
1.3920169
1.5852492
2.527071
2.1193225
1.6743381
1.3894545
1.4082036
1.5790021
1.7411956
1.7613282
0.9335915
1.3346077
0.7308428
1.0458977
2.0053906
1.1669862
1.9785426
1.7399888
0.4847904
1.396571
1.5832669
1.0762267
1.5581014
0.82471645
1.6974351
1.4880856
2.356081
1.0782282
0.5721493
1.9444762
1.6258892
1.7196828
1.890373
1.3486931
1.6439621
1.498028
1.0732373
2.0340772
1.773868
1.4631667
1.2925096
1.063548
1.1007
1.4664875
0.9660169
2.0341103
1.1948779
1.3564192
1.1259727
1.4012268
1.3909618
1.6841296
1.3892127
1.4839392
1.1032512
1.9804789
1.8875817
1.5176617
1.5514522
1.4709426
2.4107475
1.37819
1.6620573
1.5519751
1.4015689
1.1258092
1.299066
1.6842364
1.6313071
1.6179162
1.4740617
1.8179812
2.0284014
1.6958824
1.6597993
1.6979332
1.628526
1.663003
0.9625466
1.7198702
2.1191864
1.9689175
1.2978185
2.4895937
1.5304494
1.3631771
1.4567806
2.1203303
1.5790021
1.5472208
1.2065272
0.9494417
1.5991333
1.4220159
2.3459337
1.396571
1.4287976
1.6698385
0.7380307
1.8752742
2.2880816
1.5264704
0.69240904
2.05364
1.0125004
1.2566223
2.0000858
1.4681853
1.5607524
1.7437677
1.7698554
1.6502784
1.5421929
1.1902092
1.1499183
1.765715
1.1072934
1.6841296
1.183057
1.2699887
1.113845
1.4042125
0.9145305
1.9506598
1.5632027
1.3458607
2.0034451
1.7570416
1.3816869
1.3147912
1.7304649
1.4057966
1.6092619
1.1484201
1.5620563
1.4567806
1.5578706
1.4901437
2.144366
1.5400878
1.3485591
2.2173707
1.5733826
1.8058472
1.7513058
2.0034451
1.4604639
1.2728664
1.4570704
1.7625232
1.3804162
1.426613
1.4848175
1.324361
1.4631667
1.5041744
1.397241
1.6543874
0.90341306
1.7875433
1.4545177
0.9756119
0.95034814
2.144366
1.7859544
1.3617618
1.4450976
1.233003
2.4895937
0.80056155
1.709535
1.7043711
2.128984
1.4569387
1.4496313
2.0707245
1.4131993
