2.310275
1.6487489
1.431942
1.9584383
0.79534286
2.2406342
1.4254391
1.4766715
1.8425962
1.3911891
1.0683744
1.2119149
1.7666762
1.8162364
0.95557404
1.6273752
1.6689852
1.4931033
1.6714915
1.279332
1.7328324
1.6589465
1.2981383
1.2050029
2.0485997
1.59943
1.2254876
1.4195511
1.3600638
1.2283021
1.437157
1.9485105
1.3629003
1.7322696
1.4023695
1.3273618
1.5113343
1.5839208
1.9898657
1.3587285
0.90903884
1.9631823
1.2146033
1.4718161
2.2431588
1.1712315
1.9353327
1.4092522
1.6327802
1.4753045
2.0062194
1.4203914
1.4378487
1.6333888
1.182616
2.2998564
1.0335659
1.5077931
1.6258187
1.54872
1.732642
1.0264882
1.6489015
2.45512
2.3657734
1.9333873
1.426099
1.5858257
2.5461128
2.137019
1.6577187
1.4235735
1.371264
1.5982066
1.7134917
1.7490339
1.0834848
1.4263436
0.69602644
1.1353732
1.934856
1.1978508
2.0343506
1.7393742
0.5270561
1.385395
1.6109482
0.9006273
1.5649825
0.86025274
1.735078
1.5078787
2.314729
1.121976
0.6078485
2.0002503
1.6342906
1.7394353
1.8205637
1.3869272
1.7015184
1.4872477
1.162737
2.0687075
1.6507132
1.4523339
1.3362001
1.1099142
1.05033
1.4818233
1.0250021
2.0537713
1.1671062
1.3782207
1.1494578
1.444439
1.4246105
1.6720049
1.3521065
1.5048238
0.9664101
2.0363388
1.8499992
1.5369614
1.5398719
1.3975292
2.4301982
1.3423611
1.6499124
1.4651469
1.449008
0.9840656
1.3421406
1.7179815
1.6689852
1.6271605
1.4624836
1.8054109
1.9574689
1.6219617
1.6785146
1.7833956
1.5802276
1.7935653
1.0529402
1.7432882
2.126205
1.9154342
1.3546549
2.4552183
1.4817715
1.3527155
1.3852929
2.141341
1.5982066
1.5933383
1.2402788
0.92463595
1.588054
1.4557551
2.389671
1.385395
1.4181504
1.5286434
0.82465136
1.848613
2.2163823
1.5183754
0.66730523
2.1076376
1.0708102
1.183951
2.0556455
1.4278688
1.5799311
1.6957924
1.6474776
1.6691934
1.5988833
1.1611086
1.1846653
1.7313855
1.1642805
1.6720049
1.2614826
1.3850886
1.122986
1.4468766
0.87538314
1.9546176
1.6390482
1.3890876
2.0343616
1.5782602
1.4441568
1.3573912
1.835289
1.5202116
1.6618582
1.1158984
1.4740623
1.4902958
1.6349655
1.5233504
2.1303434
1.5731355
1.3919576
2.173497
1.4382416
1.793438
1.7555729
2.0343616
1.4097401
1.3308157
1.4954845
1.8189982
1.4007868
1.5106696
1.5046185
1.2885684
1.4523339
1.486033
1.3820004
1.6383252
0.9385461
1.8060247
1.4775926
0.8887669
0.94737166
2.1303434
1.9018304
1.3921949
1.4086152
1.3181146
2.4552183
0.8227181
1.7465023
1.7355192
2.1116118
1.4421687
1.4796132
1.9995999
1.4561582
