2.313971
1.6517408
1.4344363
1.9617081
0.7981329
2.2440794
1.4288877
1.4797175
1.8458129
1.3946799
1.0714053
1.2152812
1.7697662
1.8195848
0.9584773
1.6301453
1.6724329
1.4966851
1.6739234
1.2824616
1.7357683
1.6619375
1.3006762
1.2081472
2.0513818
1.6023031
1.2279851
1.4224619
1.362741
1.231713
1.4405609
1.9513538
1.3655573
1.7357181
1.4052092
1.3300027
1.514667
1.5872606
1.9930453
1.3619506
0.91178846
1.9658042
1.2175155
1.4746449
2.2465415
1.1740528
1.9382032
1.4119043
1.6349633
1.4786973
2.0095532
1.4235942
1.4409697
1.6362627
1.1852757
2.3033202
1.0365686
1.5110799
1.628818
1.5522901
1.7353421
1.0288203
1.6514543
2.4587295
2.3695111
1.9365999
1.4293705
1.5886261
2.549741
2.1397817
1.6604147
1.4271908
1.3739179
1.6014097
1.7161722
1.7522907
1.0862076
1.4296592
0.69889027
1.1383964
1.9381512
1.2009872
2.0377
1.7422658
0.5295379
1.3883198
1.6144383
0.9035883
1.5674299
0.86300844
1.7386883
1.5112464
2.3181717
1.1250463
0.61058784
2.0035222
1.6369127
1.7425096
1.8238415
1.390139
1.7050251
1.4901302
1.1659671
2.072596
1.6537665
1.4551598
1.3394014
1.1132195
1.0534614
1.485206
1.0281823
2.0578778
1.1703974
1.3814113
1.1526855
1.4479274
1.4278972
1.6752108
1.3553302
1.5071683
0.96882015
2.0397627
1.8540748
1.5403781
1.5427535
1.4007381
2.4338703
1.344661
1.6531305
1.468081
1.4516603
0.9873742
1.3456463
1.7216084
1.6724329
1.6304841
1.4656212
1.8087287
1.9609077
1.6250509
1.6819948
1.7867352
1.5831997
1.796805
1.0560386
1.7459321
2.130241
1.9179375
1.3582705
2.458793
1.4846561
1.3556457
1.3885468
2.14452
1.6014097
1.5967417
1.2434453
0.92791235
1.5919603
1.4590464
2.3926322
1.3883198
1.420916
1.5315183
0.82784724
1.85186
2.2198467
1.5211202
0.67004454
2.111501
1.0741005
1.1870693
2.059005
1.4306724
1.5834016
1.6985923
1.6515918
1.6728367
1.6022322
1.1635642
1.1878037
1.7342536
1.167411
1.6752108
1.2646697
1.388496
1.1260936
1.4502395
0.87824655
1.9571905
1.6424465
1.3922429
2.0377698
1.5812665
1.446968
1.3603626
1.839213
1.5237476
1.6652889
1.119374
1.4775054
1.4936036
1.6384248
1.5266434
2.1338873
1.5767119
1.3951472
2.1766324
1.4415507
1.7967137
1.7595099
2.0377698
1.4129106
1.3345224
1.498893
1.8217937
1.4038669
1.5142704
1.5080783
1.2908247
1.4551598
1.4890428
1.385024
1.6414641
0.9413373
1.8096647
1.4804913
0.8924343
0.95034385
2.1338873
1.9052309
1.3953607
1.4115921
1.321443
2.458793
0.8256744
1.7499975
1.7387509
2.1149023
1.4451616
1.4828595
2.0030606
1.45912
