2.3953338
1.4325398
1.4124454
2.0050662
0.866428
2.1498053
1.6182852
1.4709136
1.9275843
1.5106672
1.1546903
1.2045064
1.8765022
1.9144528
0.92782205
1.4915402
1.6861039
1.5520048
1.6783135
1.3284357
1.5837134
1.4740616
1.1829251
1.0156384
2.028592
1.5675687
1.1869318
1.5191154
1.5057389
1.2303774
1.3942173
1.9611906
1.2751536
1.7410911
1.6617287
1.2700973
1.5829263
1.5289468
2.0232897
1.438676
0.8469104
1.9871446
1.3345231
1.4207865
2.1830895
1.0755985
2.0101182
1.4211407
1.7173108
1.3931322
1.9946965
1.2586012
1.4518111
1.6703489
1.1803236
2.166218
0.96818924
1.5460767
1.5820547
1.5389078
1.6953777
1.3373451
1.8279461
2.5795531
2.3491468
1.9323983
1.4907101
1.7445654
2.3706787
2.1216617
1.7331901
1.3726686
1.303718
1.6039119
1.5005176
1.7599552
0.9892027
1.3257303
0.71194357
1.1639616
1.9170479
0.9602432
2.012536
1.6968689
0.6564425
1.4019197
1.5162808
0.97335637
1.5410539
0.9149662
1.8751131
1.5795789
2.447083
0.9633228
0.50939494
2.1761146
1.7158892
1.8094249
1.9170479
1.3859222
1.6045847
1.4049006
1.0440894
2.0674715
1.801752
1.5080532
1.450423
1.1658335
0.97931415
1.4942372
0.95798516
2.0547996
1.2771517
1.2091681
1.2677779
1.3949639
1.3346806
1.5875072
1.3840644
1.5022125
0.9980567
1.9596895
1.9556372
1.3260485
1.3613918
1.4459177
2.4578276
1.4003776
1.6321819
1.361349
1.5234927
1.0142205
1.450936
1.6117247
1.5780287
1.5856109
1.4572872
1.8347416
1.9314771
1.5894507
1.8217593
1.5288786
1.5920008
1.7083893
1.0502245
1.620363
2.3112714
1.8615004
1.5747654
2.5166855
1.6994493
1.4614043
1.4191538
2.1151016
1.5286415
1.4843504
1.1216611
1.0569804
1.5772526
1.3044986
2.348681
1.4019197
1.4644262
1.796569
0.7756618
1.7067297
2.0614588
1.4760219
0.76855135
1.9393376
0.9595542
1.3264524
1.9842364
1.3061773
1.5997751
1.6257249
1.584113
1.6651555
1.5195564
1.2542125
1.2189584
1.7185894
1.2430034
1.6771795
1.165312
1.3461564
1.1391737
1.6107148
0.865586
1.9570266
1.4318345
1.6039119
1.9790635
1.6605402
1.4321264
1.4897403
1.7814565
1.4207969
1.5238067
1.0409201
1.5442207
1.520089
1.7814981
1.4781798
2.1955094
1.4832592
1.4373698
2.2943542
1.7678987
1.7773994
1.7171826
2.067634
1.3780462
1.2558708
1.4022491
1.8772537
1.4324442
1.367646
1.6346368
1.3372041
1.5863085
1.4655561
1.6109556
1.633538
1.0215821
1.6791271
1.4242474
0.8702666
1.1292934
2.3010447
1.7214658
1.3062887
1.3941271
1.194961
2.5166855
0.8916126
1.4660095
1.7013419
2.206549
1.4701419
1.6547003
2.1113868
1.5636376
