2.3103156
1.6487474
1.4319274
1.9584566
0.7953305
2.2406576
1.4254422
1.4766582
1.842621
1.3911711
1.0683417
1.2118914
1.7666848
1.8162588
0.955534
1.627373
1.669006
1.4930921
1.6715012
1.2793134
1.7328415
1.6589371
1.2981269
1.2049947
2.0486164
1.5994145
1.2254728
1.4195341
1.3600351
1.2282758
1.4371631
1.9485344
1.3628781
1.7322875
1.4023371
1.3273407
1.5113304
1.5839366
1.9898884
1.3587155
0.90901387
1.9631985
1.2145929
1.4718043
2.243178
1.1711987
1.9353547
1.4092319
1.6327875
1.475305
2.006236
1.4203908
1.4378601
1.6333822
1.1825776
2.2998712
1.0335659
1.5078095
1.6258233
1.5487382
1.7326586
1.0264753
1.6488997
2.4551518
2.3658235
1.9333965
1.4260929
1.5858107
2.5461605
2.1370542
1.6577181
1.4235685
1.3712482
1.5982105
1.7134942
1.7490383
1.0834597
1.4263369
0.6959883
1.1353703
1.9348774
1.1978334
2.034364
1.7393794
0.52700853
1.3853798
1.6109515
0.90061414
1.5649834
0.86022615
1.735083
1.5078799
2.314762
1.1219667
0.60782325
2.0002625
1.6343005
1.7394513
1.8205788
1.386941
1.7015469
1.4872262
1.1627303
2.068737
1.6506919
1.4523169
1.3361953
1.109894
1.0503389
1.481833
1.0249609
2.0537918
1.1670752
1.3782197
1.1494571
1.4444371
1.4246095
1.672007
1.3521078
1.5048277
0.9663687
2.0363543
1.8500177
1.5369676
1.539866
1.3975279
2.4302266
1.3423448
1.6499144
1.4651344
1.4489979
0.9840499
1.3421346
1.7180097
1.669006
1.6271762
1.462475
1.8054196
1.9574978
1.6219615
1.6785222
1.783434
1.5802252
1.7935677
1.0529213
1.7432958
2.1262336
1.915459
1.3546424
2.4552684
1.4817516
1.3526863
1.3852879
2.1413527
1.5982105
1.5933359
1.2402767
0.92461264
1.588048
1.4557502
2.3897123
1.3853798
1.4181268
1.5286496
0.8246299
1.8486161
2.2164245
1.5183719
0.66726446
2.107678
1.0707747
1.1839303
2.0556722
1.4278435
1.5799273
1.6957881
1.6474811
1.669204
1.5989017
1.1610935
1.1846511
1.731388
1.1642678
1.672007
1.2614588
1.3850937
1.122995
1.44688
0.87535954
1.9546453
1.6390556
1.389085
2.0343738
1.5782455
1.4441489
1.3573997
1.8353087
1.5202156
1.6618729
1.1158556
1.4740698
1.490295
1.6349726
1.5233543
2.1303754
1.5731404
1.391951
2.1735168
1.4382474
1.7934451
1.755596
2.0343738
1.4097364
1.330794
1.4954817
1.8190209
1.400776
1.5106908
1.5046163
1.2885519
1.4523169
1.4860197
1.3819902
1.6383198
0.9385251
1.8060356
1.4775954
0.8887298
0.94732666
2.1303754
1.9018463
1.3921871
1.4086007
1.3181134
2.4552684
0.82267845
1.7465252
1.7355089
2.1116333
1.4421494
1.4796108
1.9996295
1.4561352
