2.3959312
1.4328501
1.4127529
2.0055277
0.8667254
2.1502907
1.618727
1.4712207
1.9280972
1.5109534
1.1549325
1.2048337
1.8769631
1.9149549
0.92802745
1.4918463
1.6866033
1.5523596
1.6787231
1.3287323
1.584065
1.4743822
1.1832287
1.0159113
2.029091
1.5678802
1.1871977
1.5194204
1.5061202
1.2306378
1.3946168
1.9616578
1.2754235
1.7415662
1.6620493
1.2703485
1.5833294
1.5294225
2.0238314
1.439043
0.8471459
1.9876449
1.3348877
1.4210954
2.183623
1.0757644
2.0106204
1.4214528
1.7177913
1.3935361
1.9951549
1.2589891
1.452317
1.6707375
1.1805246
2.1666436
0.9685309
1.5465038
1.5824573
1.5393615
1.6958027
1.3377497
1.8284037
2.5802274
2.3497946
1.9328492
1.4911005
1.7449362
2.3712347
2.1222444
1.7336199
1.3730011
1.304003
1.6043184
1.5008976
1.760365
0.9894587
1.3261008
0.7121247
1.1643395
1.9175286
0.9605146
2.0130541
1.6973162
0.65662265
1.4022243
1.5166731
0.9736575
1.541436
0.9152103
1.8756111
1.5800061
2.4476712
0.96358234
0.5095788
2.1766713
1.7163689
1.8099105
1.9175286
1.3863361
1.6050918
1.4051867
1.044456
2.0680363
1.8020723
1.5083203
1.4508126
1.1661029
0.97970015
1.4946802
0.9581248
2.0553443
1.2774045
1.2095678
1.2681766
1.395338
1.335068
1.5878978
1.3844995
1.5025973
0.9982497
1.9601572
1.9561722
1.3264601
1.361675
1.4463263
2.4583366
1.4007037
1.6325829
1.3616064
1.5238187
1.0145228
1.4512951
1.6122315
1.5785005
1.5860937
1.4576077
1.8351853
1.9319811
1.5898118
1.8222513
1.5294249
1.5923617
1.7087705
1.0505164
1.6207991
2.311935
1.8620205
1.5751538
2.5173535
1.699853
1.4616344
1.4195278
2.115598
1.5290592
1.4846792
1.1220143
1.0573261
1.5775845
1.304801
2.3492677
1.4022243
1.4647307
1.7970192
0.77593505
1.7070863
2.061951
1.4763439
0.76872796
1.939827
0.9596829
1.3267741
1.9847682
1.3064106
1.6001663
1.6261146
1.5845087
1.665586
1.5200291
1.2545578
1.219291
1.7190108
1.24332
1.6775906
1.1656241
1.3465471
1.1396277
1.6111748
0.8658528
1.9575906
1.4322908
1.6043184
1.9795206
1.6608796
1.4324138
1.4901826
1.7819357
1.4212081
1.5242367
1.0410933
1.5446284
1.5204909
1.781965
1.4786637
2.1961124
1.4836509
1.4377501
2.2949154
1.7684047
1.7778192
1.71767
2.0681226
1.3784223
1.2561276
1.4026098
1.8777292
1.4328108
1.36811
1.635062
1.3374963
1.5866334
1.4658341
1.6113396
1.6338892
1.0218601
1.6795983
1.4245751
0.8704522
1.1295547
2.301667
1.7219074
1.3066092
1.3944445
1.1953435
2.5173535
0.8918248
1.4664223
1.7016101
2.2071261
1.4704332
1.6551564
2.1119502
1.5639558
