2.3104806
1.6486012
1.4314014
1.9584126
0.79507595
2.2407243
1.4257147
1.476672
1.8424624
1.3916721
1.0685176
1.2123175
1.7665493
1.816255
0.95564365
1.6270143
1.6691159
1.4936241
1.6706952
1.2794594
1.732547
1.6588626
1.2976134
1.2050598
2.048078
1.5992782
1.2249509
1.4194474
1.3598199
1.2287717
1.4373612
1.9480144
1.3625834
1.7324244
1.4023147
1.3270229
1.5115489
1.5839846
1.9896952
1.3589026
0.908832
1.9625225
1.2144461
1.4715874
2.243221
1.1711612
1.9348763
1.4089168
1.6317564
1.4755415
2.0062754
1.4204454
1.4377288
1.6331658
1.1824304
2.3000298
1.0334193
1.5077996
1.6256317
1.5489966
1.7320615
1.025772
1.6483196
2.4553084
2.3659475
1.9333754
1.42627
1.5855954
2.5461965
2.136328
1.657269
1.4240799
1.3708941
1.5982289
1.7130035
1.7491049
1.0832568
1.426563
0.69603807
1.1352699
1.9348295
1.1979778
2.0344229
1.7390754
0.5267618
1.3852904
1.6112603
0.9005368
1.5642715
0.8600642
1.7354985
1.5080856
2.3147376
1.1219671
0.60763407
2.0002563
1.633684
1.7392296
1.8205693
1.3868777
1.701649
1.4871488
1.1628698
2.0691898
1.6507869
1.4521465
1.336287
1.1102258
1.0502379
1.4819784
1.0253644
2.0545428
1.1674947
1.3782682
1.1495383
1.44479
1.424754
1.6720439
1.3521699
1.5039842
0.96599305
2.0364685
1.8507786
1.5371765
1.5396513
1.3975989
2.4304774
1.3416414
1.6499637
1.4650292
1.4485915
0.9843427
1.3425398
1.7182351
1.6691159
1.6272111
1.4625397
1.8055085
1.9575275
1.621901
1.6787837
1.7832806
1.5800672
1.7936358
1.0530416
1.7427213
2.1268475
1.9145913
1.3552184
2.4552217
1.4816647
1.3527277
1.3854363
2.141258
1.5982289
1.5936123
1.2403125
0.9249414
1.5888582
1.4559362
2.3891299
1.3852904
1.4179538
1.5283166
0.8248637
1.8486836
2.2163372
1.5179986
0.6672134
2.1080122
1.0712324
1.184085
2.0556238
1.4277222
1.5802822
1.695475
1.6484112
1.6696006
1.5989372
1.1605334
1.1847684
1.7310848
1.1643606
1.6720439
1.2617093
1.3853041
1.1228682
1.4470613
0.8752801
1.953819
1.6392379
1.389112
2.0345035
1.5782362
1.4438782
1.3571446
1.8359059
1.5205647
1.6620215
1.1165628
1.4742941
1.49046
1.635218
1.523461
2.1304655
1.5735211
1.3920496
2.1733038
1.4383548
1.7935066
1.7561722
2.0345035
1.4097885
1.3315425
1.4957627
1.8184614
1.4008021
1.5109527
1.504944
1.287805
1.4521465
1.4859974
1.3819561
1.6383556
0.9383499
1.8064266
1.4773141
0.88957345
0.9475497
2.1304655
1.9019542
1.3922715
1.4085569
1.3183007
2.4552217
0.8228344
1.7466633
1.7356832
2.1115587
1.4421648
1.479728
1.9996768
1.4561527
