2.313215
1.6519076
1.4351654
1.9615005
0.798551
2.243658
1.4285773
1.4798889
1.8456243
1.3944296
1.0716888
1.215182
1.7697875
1.8192773
0.958921
1.630539
1.672034
1.4963111
1.6745949
1.2825751
1.7359409
1.6621453
1.3013439
1.2081935
2.0516548
1.6026591
1.228711
1.4227875
1.3633578
1.2315831
1.4402784
1.9515454
1.3661613
1.735333
1.4056798
1.3306192
1.5145061
1.5869948
1.9928938
1.3619435
0.912309
1.9662529
1.2178044
1.4750257
2.246204
1.1745437
1.9383752
1.412505
1.6358964
1.478453
2.0092928
1.4235443
1.4409444
1.636574
1.1859567
2.30292
1.0367185
1.5108646
1.6289487
1.5517836
1.7357134
1.0297031
1.6520631
2.4581037
2.368668
1.9364939
1.4292816
1.5890518
2.5490196
2.1399808
1.660874
1.4267501
1.3744943
1.6013396
1.7166324
1.7521644
1.0867594
1.4295288
0.69936126
1.1385398
1.9379019
1.2010897
2.0374224
1.7425017
0.53043765
1.3886222
1.6140829
0.90383935
1.5681291
0.86353046
1.7382056
1.5110238
2.3177035
1.1251717
0.61112064
2.003329
1.6373938
1.742507
1.8236403
1.3900102
1.7045307
1.4905044
1.1659213
2.0716999
1.653971
1.4555709
1.3393741
1.1131626
1.0534365
1.4849274
1.0283593
2.0568073
1.1704112
1.3813769
1.1526111
1.4475989
1.4277669
1.6751472
1.3552521
1.5079546
0.96976054
2.0394
1.8530616
1.5400815
1.5430539
1.4006878
2.433199
1.3455935
1.6530546
1.4683596
1.4522105
0.9872898
1.3453193
1.7209954
1.672034
1.6302369
1.4656785
1.8085198
1.9604781
1.6251137
1.6816287
1.7863592
1.5833911
1.796706
1.0561867
1.7464024
2.1292055
1.9184644
1.3578675
2.4581084
1.4850222
1.3560114
1.3884692
2.1444225
1.6013396
1.5965034
1.2434415
0.9278976
1.5912365
1.4589316
2.392604
1.3886222
1.4214191
1.5317638
0.82790536
1.8517487
2.2193096
1.5215452
0.6706531
2.1105783
1.0741365
1.1872054
2.0586524
1.4311448
1.583102
1.6989651
1.6506114
1.672292
1.6019456
1.1643343
1.187888
1.7345262
1.167494
1.6751472
1.2647517
1.3882146
1.1260911
1.4500113
0.87864727
1.9576324
1.642164
1.3922513
2.0374386
1.5814866
1.447346
1.3605015
1.8383447
1.5233434
1.6649376
1.1192601
1.4771764
1.4934517
1.6380825
1.5264825
2.1333258
1.5762621
1.3951418
2.1765366
1.4413655
1.7965554
1.7586089
2.0374386
1.4129093
1.3340731
1.4986488
1.8220373
1.4039912
1.5137181
1.5077801
1.2918006
1.4555709
1.4892504
1.385204
1.6415036
0.94179714
1.8091223
1.4807276
0.8920966
0.95074296
2.1333258
1.9049047
1.3953842
1.4118383
1.3212713
2.4581084
0.8260604
1.7495404
1.7387226
2.1146417
1.445416
1.4827765
2.002607
1.4594238
