2.305663
1.6453803
1.4289433
1.9545194
0.7922677
2.2365007
1.421954
1.4736382
1.8384842
1.3882881
1.0658964
1.2091683
1.763036
1.812198
0.95328623
1.6240367
1.6649914
1.4900143
1.6678096
1.2764485
1.7291763
1.6558067
1.2950418
1.2018203
2.0446424
1.5964655
1.2224923
1.4166261
1.3574672
1.225635
1.4335781
1.9444352
1.3601171
1.7283583
1.3998668
1.3245583
1.5080423
1.5800707
1.9857513
1.3556842
0.9063169
1.9593109
1.2114823
1.4687389
2.2391458
1.1687411
1.9313017
1.406421
1.6291722
1.4718804
2.0023637
1.4169916
1.4341226
1.6301718
1.1802878
2.2959497
1.0301663
1.5039288
1.6222864
1.5448104
1.7287755
1.0234449
1.6455499
2.450753
2.3609033
1.9297197
1.4228688
1.5828414
2.5413089
2.1325336
1.6543286
1.4203088
1.3683043
1.5946933
1.7100197
1.745504
1.0807825
1.423129
0.69367385
1.1320525
1.9308457
1.1949426
2.030491
1.7358267
0.5249711
1.3824171
1.607445
0.89757204
1.5615473
0.8575747
1.731533
1.5044359
2.3103142
1.1188228
0.6051377
1.9964306
1.6306078
1.7355729
1.8167288
1.3831301
1.6973157
1.4844385
1.1595188
2.0643942
1.6479098
1.4494122
1.3329228
1.1070623
1.0466675
1.4781456
1.0227708
2.0497096
1.1645745
1.3748412
1.1460645
1.4410805
1.4212307
1.668542
1.3486657
1.5012985
0.9641449
2.0324187
1.84608
1.5333754
1.5366367
1.3941629
2.42593
1.3394153
1.6464499
1.4620898
1.4458909
0.981081
1.3388903
1.7137885
1.6649914
1.6233214
1.4593226
1.8017591
1.9532516
1.6185582
1.674894
1.7789145
1.5768858
1.7900934
1.0500765
1.7396669
2.1219363
1.9113331
1.3515974
2.4503205
1.4789269
1.3501307
1.3820283
2.137535
1.5946933
1.5900064
1.236936
0.9218663
1.5848207
1.4524909
2.3850167
1.3824171
1.4154092
1.5250565
0.821836
1.8451153
2.2117026
1.5150703
0.6650268
2.1030307
1.0684029
1.1811321
2.0514176
1.4251691
1.5766348
1.6925024
1.6439674
1.6654857
1.5949665
1.1581259
1.1816658
1.7279136
1.161229
1.668542
1.2587477
1.3815373
1.119317
1.4433732
0.8726262
1.9504288
1.6354374
1.3857503
2.0305378
1.5752774
1.4409658
1.3537492
1.8313318
1.5166923
1.6580386
1.1136913
1.470442
1.4869143
1.6313614
1.5198315
2.125974
1.5695878
1.3887374
2.1694558
1.4346763
1.789833
1.7515073
2.0305378
1.4064345
1.3280138
1.4921505
1.8149492
1.397683
1.5066737
1.5012697
1.2856226
1.4494122
1.4829999
1.3788882
1.6350684
0.9357145
1.802309
1.474092
0.8863857
0.9452233
2.125974
1.8979793
1.3890043
1.4056165
1.3147379
2.4503205
0.8204086
1.7424481
1.7324055
2.1075153
1.4393064
1.4762739
1.9953709
1.4533992
