2.35744
1.45264
1.51141
1.91375
0.75696
2.16087
1.40387
1.55109
2.04159
1.32746
1.19709
1.25604
2.0105
2.02261
0.97055
1.65972
1.87787
1.57608
1.62573
1.20058
1.47131
1.52921
1.08353
0.93247
1.99766
1.53838
0.8988
1.16833
1.42743
1.08798
1.41626
1.90961
1.39498
1.62661
1.47154
1.23078
1.60332
1.36673
2.11376
1.44336
0.89018
2.09857999999997
1.20424
1.49172
2.46193
1.19221
2.0034
1.32567
1.7716
1.36791
1.93659
1.46121
1.58241
1.55543
1.04723
2.56165
0.93972
1.78688
1.5238
1.81364
1.71929
1.16598
1.60151
2.36224
2.4107
1.96226
1.05822
1.82774
2.64443
2.13516
1.73739
1.37255
1.26739
1.83969
1.74566
1.55934
0.74947
1.45098
0.73816
1.2476
1.98289
0.81984
2.15006
1.68925
0.39566
1.43173
1.56128
0.77534
1.41424
0.6866
1.87378
1.53505
2.72672
0.75605
0.61227
2.07773
1.34492
1.94825
1.92088
1.31513
1.55751
1.70491
1.12184
2.25089
1.61677
1.46513
1.28096
1.01905
1.02309
1.48431
1.06435
1.90001
1.21362
1.35628
1.28752
1.39539
1.31672
1.45916
1.3383
1.33895
0.79408
1.91743
1.99493
1.52063
1.28995
1.56379
2.63377
1.55159
1.52803
1.54892
1.34044
1.00601
1.31898
1.73863
1.77462
1.52776
1.45622
1.65249
1.86566
1.47429
1.64947
1.89072
1.59144
1.85082
1.00196
1.75536
2.36412
2.08841
1.59613
2.47156
1.55886
1.33066
1.43788
2.26823
1.641
1.41876
1.30718
1.15475
1.76239
1.21684
2.73622
1.4324
1.33057
1.73093
0.76074
1.49388
2.25759
1.41308
0.69849
2.43083
0.75867
1.0273
2.04645
0.81319
1.6601
1.62274
1.64276
1.80341
1.69297
0.97808
1.13341
1.81891
1.03068
1.70232
1.13592
1.19759
1.18613
1.59511
0.84971
2.20763
1.81829
1.57733
1.91246
1.42996
1.28825
1.46276
1.6564
1.57614
1.62131
0.89865
1.60841
1.61774
1.63863
1.46493
2.31492
1.53327
1.07942
2.15386
1.80084
1.61511
1.63422
2.09894
1.39651
1.32237
1.42835
1.66196
1.32791
1.37856
1.67066
1.45194
1.58281
1.21297
1.6016
1.64259
0.79067
1.99881
1.57571
0.79797
0.76212
2.52977
1.63498
1.16338
1.25392
1.45818
2.57517
0.84498
1.60372
1.64257
2.60574
1.51455
1.55693
2.3613
1.54817
